0 0 0 0 0 0 1.59864
0.25 0 0 1 0 0 1.46877
0.5 0 0 2 0 0 1.34997
0.75 0 0 3 0 0 1.25494
1 0 0 4 0 0 1.18218
1.25 0 0 5 0 0 1.13651
1.5 0 0 6 0 0 1.12132
1.75 0 0 7 0 0 1.13651
2 0 0 8 0 0 1.18218
2.25 0 0 9 0 0 1.25494
2.5 0 0 10 0 0 1.34997
2.75 0 0 11 0 0 1.46877
3 0 0 12 0 0 9999
3.25 0 0 13 0 0 9999
0 0.25 0 0 1 0 1.46491
0.25 0.25 0 1 1 0 1.3221
0.5 0.25 0 2 1 0 1.19402
0.75 0.25 0 3 1 0 1.0968
1 0.25 0 4 1 0 1.02257
1.25 0.25 0 5 1 0 0.973901
1.5 0.25 0 6 1 0 0.957323
1.75 0.25 0 7 1 0 0.973901
2 0.25 0 8 1 0 1.02257
2.25 0.25 0 9 1 0 1.0968
2.5 0.25 0 10 1 0 1.19401
2.75 0.25 0 11 1 0 1.3221
3 0.25 0 12 1 0 9999
3.25 0.25 0 13 1 0 9999
0 0.5 0 0 2 0 1.3472
0.25 0.5 0 1 2 0 1.20198
0.5 0.5 0 2 2 0 1.06612
0.75 0.5 0 3 2 0 0.958258
1 0.5 0 4 2 0 0.874448
1.25 0.5 0 5 2 0 0.820839
1.5 0.5 0 6 2 0 0.802778
1.75 0.5 0 7 2 0 0.820838
2 0.5 0 8 2 0 0.874447
2.25 0.5 0 9 2 0 0.958257
2.5 0.5 0 10 2 0 1.06612
2.75 0.5 0 11 2 0 1.20198
3 0.5 0 12 2 0 9999
3.25 0.5 0 13 2 0 9999
0 0.75 0 0 3 0 1.25251
0.25 0.75 0 1 3 0 1.09644
0.5 0.75 0 2 3 0 0.952567
0.75 0.75 0 3 3 0 0.841409
1 0.75 0 4 3 0 0.756184
1.25 0.75 0 5 3 0 0.700449
1.5 0.75 0 6 3 0 0.681245
1.75 0.75 0 7 3 0 0.700448
2 0.75 0 8 3 0 0.756184
2.25 0.75 0 9 3 0 0.841409
2.5 0.75 0 10 3 0 0.952566
2.75 0.75 0 11 3 0 1.09643
3 0.75 0 12 3 0 9999
3.25 0.75 0 13 3 0 9999
0 1 0 0 4 0 1.18059
0.25 1 0 1 4 0 1.0229
0.5 1 0 2 4 0 0.875108
0.75 1 0 3 4 0 0.758602
1 1 0 4 4 0 0.666816
1.25 1 0 5 4 0 0.606319
1.5 1 0 6 4 0 0.585369
1.75 1 0 7 4 0 0.606319
2 1 0 8 4 0 0.666816
2.25 1 0 9 4 0 0.758601
2.5 1 0 10 4 0 0.875108
2.75 1 0 11 4 0 1.0229
3 1 0 12 4 0 9999
3.25 1 0 13 4 0 9999
0 1.25 0 0 5 0 1.14043
0.25 1.25 0 1 5 0 0.977145
0.5 1.25 0 2 5 0 0.823417
0.75 1.25 0 3 5 0 0.702384
1 1.25 0 4 5 0 0.60698
1.25 1.25 0 5 5 0 0.544027
1.5 1.25 0 6 5 0 0.52211
1.75 1.25 0 7 5 0 0.544026
2 1.25 0 8 5 0 0.606979
2.25 1.25 0 9 5 0 0.702383
2.5 1.25 0 10 5 0 0.823416
2.75 1.25 0 11 5 0 0.977144
3 1.25 0 12 5 0 9999
3.25 1.25 0 13 5 0 9999
0 1.5 0 0 6 0 1.12132
0.25 1.5 0 1 6 0 0.957323
0.5 1.5 0 2 6 0 0.802778
0.75 1.5 0 3 6 0 0.681245
1 1.5 0 4 6 0 0.585369
1.25 1.5 0 5 6 0 0.52211
1.5 1.5 0 6 6 0 0.5
1.75 1.5 0 7 6 0 0.52211
2 1.5 0 8 6 0 0.585368
2.25 1.5 0 9 6 0 0.681245
2.5 1.5 0 10 6 0 0.802777
2.75 1.5 0 11 6 0 0.957323
3 1.5 0 12 6 0 9999
3.25 1.5 0 13 6 0 9999
0 1.75 0 0 7 0 1.14043
0.25 1.75 0 1 7 0 0.977145
0.5 1.75 0 2 7 0 0.823417
0.75 1.75 0 3 7 0 0.702384
1 1.75 0 4 7 0 0.606964
1.25 1.75 0 5 7 0 0.544027
1.5 1.75 0 6 7 0 0.52211
1.75 1.75 0 7 7 0 0.544026
2 1.75 0 8 7 0 0.606964
2.25 1.75 0 9 7 0 0.702384
2.5 1.75 0 10 7 0 0.823416
2.75 1.75 0 11 7 0 0.977144
3 1.75 0 12 7 0 9999
3.25 1.75 0 13 7 0 9999
0 2 0 0 8 0 1.18059
0.25 2 0 1 8 0 1.02295
0.5 2 0 2 8 0 0.875108
0.75 2 0 3 8 0 0.758602
1 2 0 4 8 0 0.666816
1.25 2 0 5 8 0 0.606319
1.5 2 0 6 8 0 0.585368
1.75 2 0 7 8 0 0.606319
2 2 0 8 8 0 0.666816
2.25 2 0 9 8 0 0.758601
2.5 2 0 10 8 0 0.875108
2.75 2 0 11 8 0 1.02294
3 2 0 12 8 0 9999
3.25 2 0 13 8 0 9999
0 2.25 0 0 9 0 1.25251
0.25 2.25 0 1 9 0 1.09644
0.5 2.25 0 2 9 0 0.952567
0.75 2.25 0 3 9 0 0.841409
1 2.25 0 4 9 0 0.756184
1.25 2.25 0 5 9 0 0.700449
1.5 2.25 0 6 9 0 0.681244
1.75 2.25 0 7 9 0 0.700448
2 2.25 0 8 9 0 0.756184
2.25 2.25 0 9 9 0 0.841409
2.5 2.25 0 10 9 0 0.952566
2.75 2.25 0 11 9 0 1.09643
3 2.25 0 12 9 0 9999
3.25 2.25 0 13 9 0 9999
0 2.5 0 0 10 0 1.3472
0.25 2.5 0 1 10 0 1.20198
0.5 2.5 0 2 10 0 1.06612
0.75 2.5 0 3 10 0 0.958237
1 2.5 0 4 10 0 0.874448
1.25 2.5 0 5 10 0 0.820839
1.5 2.5 0 6 10 0 0.802777
1.75 2.5 0 7 10 0 0.820838
2 2.5 0 8 10 0 0.874447
2.25 2.5 0 9 10 0 0.958236
2.5 2.5 0 10 10 0 1.06612
2.75 2.5 0 11 10 0 1.20198
3 2.5 0 12 10 0 9999
3.25 2.5 0 13 10 0 9999
0 2.75 0 0 11 0 1.46491
0.25 2.75 0 1 11 0 1.3221
0.5 2.75 0 2 11 0 1.19402
0.75 2.75 0 3 11 0 1.0968
1 2.75 0 4 11 0 1.02254
1.25 2.75 0 5 11 0 0.973901
1.5 2.75 0 6 11 0 0.957322
1.75 2.75 0 7 11 0 0.973901
2 2.75 0 8 11 0 1.02254
2.25 2.75 0 9 11 0 1.0968
2.5 2.75 0 10 11 0 1.19401
2.75 2.75 0 11 11 0 1.3221
3 2.75 0 12 11 0 9999
3.25 2.75 0 13 11 0 9999
0 3 0 0 12 0 9999
0.25 3 0 1 12 0 9999
0.5 3 0 2 12 0 9999
0.75 3 0 3 12 0 9999
1 3 0 4 12 0 9999
1.25 3 0 5 12 0 9999
1.5 3 0 6 12 0 9999
1.75 3 0 7 12 0 9999
2 3 0 8 12 0 9999
2.25 3 0 9 12 0 9999
2.5 3 0 10 12 0 9999
2.75 3 0 11 12 0 9999
3 3 0 12 12 0 9999
3.25 3 0 13 12 0 9999
0 3.25 0 0 13 0 9999
0.25 3.25 0 1 13 0 9999
0.5 3.25 0 2 13 0 9999
0.75 3.25 0 3 13 0 9999
1 3.25 0 4 13 0 9999
1.25 3.25 0 5 13 0 9999
1.5 3.25 0 6 13 0 9999
1.75 3.25 0 7 13 0 9999
2 3.25 0 8 13 0 9999
2.25 3.25 0 9 13 0 9999
2.5 3.25 0 10 13 0 9999
2.75 3.25 0 11 13 0 9999
3 3.25 0 12 13 0 9999
3.25 3.25 0 13 13 0 9999
0 0 0.25 0 0 1 1.46877
0.25 0 0.25 1 0 1 1.32291
0.5 0 0.25 2 0 1 1.19717
0.75 0 0.25 3 0 1 1.09296
1 0 0.25 4 0 1 1.01852
1.25 0 0.25 5 0 1 0.973027
1.5 0 0.25 6 0 1 0.957323
1.75 0 0.25 7 0 1 0.973027
2 0 0.25 8 0 1 1.01852
2.25 0 0.25 9 0 1 1.09296
2.5 0 0.25 10 0 1 1.19717
2.75 0 0.25 11 0 1 1.32291
3 0 0.25 12 0 1 9999
3.25 0 0.25 13 0 1 9999
0 0.25 0.25 0 1 1 1.3221
0.25 0.25 0.25 1 1 1 1.16571
0.5 0.25 0.25 2 1 1 1.03811
0.75 0.25 0.25 3 1 1 0.926037
1 0.25 0.25 4 1 1 0.838708
1.25 0.25 0.25 5 1 1 0.785467
1.5 0.25 0.25 6 1 1 0.767767
1.75 0.25 0.25 7 1 1 0.785467
2 0.25 0.25 8 1 1 0.838708
2.25 0.25 0.25 9 1 1 0.926036
2.5 0.25 0.25 10 1 1 1.03811
2.75 0.25 0.25 11 1 1 1.16571
3 0.25 0.25 12 1 1 9999
3.25 0.25 0.25 13 1 1 9999
0 0.5 0.25 0 2 1 1.20198
0.25 0.5 0.25 1 2 1 1.03524
0.5 0.5 0.25 2 2 1 0.89182
0.75 0.5 0.25 3 2 1 0.769747
1 0.5 0.25 4 2 1 0.680027
1.25 0.5 0.25 5 2 1 0.624609
1.5 0.5 0.25 6 2 1 0.605472
1.75 0.5 0.25 7 2 1 0.624608
2 0.5 0.25 8 2 1 0.680026
2.25 0.5 0.25 9 2 1 0.769802
2.5 0.5 0.25 10 2 1 0.891819
2.75 0.5 0.25 11 2 1 1.03524
3 0.5 0.25 12 2 1 9999
3.25 0.5 0.25 13 2 1 9999
0 0.75 0.25 0 3 1 1.09643
0.25 0.75 0.25 1 3 1 0.920363
0.5 0.75 0.25 2 3 1 0.773933
0.75 0.75 0.25 3 3 1 0.646176
1 0.75 0.25 4 3 1 0.545845
1.25 0.75 0.25 5 3 1 0.482599
1.5 0.75 0.25 6 3 1 0.460765
1.75 0.75 0.25 7 3 1 0.482598
2 0.75 0.25 8 3 1 0.545844
2.25 0.75 0.25 9 3 1 0.646175
2.5 0.75 0.25 10 3 1 0.773932
2.75 0.75 0.25 11 3 1 0.920363
3 0.75 0.25 12 3 1 9999
3.25 0.75 0.25 13 3 1 9999
0 1 0.25 0 4 1 1.0229
0.25 1 0.25 1 4 1 0.841606
0.5 1 0.25 2 4 1 0.686062
0.75 1 0.25 3 4 1 0.54753
1 1 0.25 4 4 1 0.43849
1.25 1 0.25 5 4 1 0.369971
1.5 1 0.25 6 4 1 0.346581
1.75 1 0.25 7 4 1 0.369971
2 1 0.25 8 4 1 0.43849
2.25 1 0.25 9 4 1 0.547529
2.5 1 0.25 10 4 1 0.686061
2.75 1 0.25 11 4 1 0.841605
3 1 0.25 12 4 1 9999
3.25 1 0.25 13 4 1 9999
0 1.25 0.25 0 5 1 0.977145
0.25 1.25 0.25 1 5 1 0.788576
0.5 1.25 0.25 2 5 1 0.627004
0.75 1.25 0.25 3 5 1 0.483019
1 1.25 0.25 4 5 1 0.369873
1.25 1.25 0.25 5 5 1 0.299057
1.5 1.25 0.25 6 5 1 0.274758
1.75 1.25 0.25 7 5 1 0.299056
2 1.25 0.25 8 5 1 0.369873
2.25 1.25 0.25 9 5 1 0.483018
2.5 1.25 0.25 10 5 1 0.627003
2.75 1.25 0.25 11 5 1 0.788574
3 1.25 0.25 12 5 1 9999
3.25 1.25 0.25 13 5 1 9999
0 1.5 0.25 0 6 1 0.957323
0.25 1.5 0.25 1 6 1 0.767768
0.5 1.5 0.25 2 6 1 0.605472
0.75 1.5 0.25 3 6 1 0.460765
1 1.5 0.25 4 6 1 0.346581
1.25 1.5 0.25 5 6 1 0.274758
1.5 1.5 0.25 6 6 1 0.25
1.75 1.5 0.25 7 6 1 0.274758
2 1.5 0.25 8 6 1 0.34658
2.25 1.5 0.25 9 6 1 0.460765
2.5 1.5 0.25 10 6 1 0.605472
2.75 1.5 0.25 11 6 1 0.767767
3 1.5 0.25 12 6 1 9999
3.25 1.5 0.25 13 6 1 9999
0 1.75 0.25 0 7 1 0.977145
0.25 1.75 0.25 1 7 1 0.788576
0.5 1.75 0.25 2 7 1 0.626972
0.75 1.75 0.25 3 7 1 0.483019
1 1.75 0.25 4 7 1 0.369873
1.25 1.75 0.25 5 7 1 0.299057
1.5 1.75 0.25 6 7 1 0.274758
1.75 1.75 0.25 7 7 1 0.299056
2 1.75 0.25 8 7 1 0.369873
2.25 1.75 0.25 9 7 1 0.483018
2.5 1.75 0.25 10 7 1 0.626971
2.75 1.75 0.25 11 7 1 0.788574
3 1.75 0.25 12 7 1 9999
3.25 1.75 0.25 13 7 1 9999
0 2 0.25 0 8 1 1.02294
0.25 2 0.25 1 8 1 0.841606
0.5 2 0.25 2 8 1 0.6861
0.75 2 0.25 3 8 1 0.54753
1 2 0.25 4 8 1 0.43849
1.25 2 0.25 5 8 1 0.369971
1.5 2 0.25 6 8 1 0.34658
1.75 2 0.25 7 8 1 0.369971
2 2 0.25 8 8 1 0.43849
2.25 2 0.25 9 8 1 0.547529
2.5 2 0.25 10 8 1 0.686099
2.75 2 0.25 11 8 1 0.841605
3 2 0.25 12 8 1 9999
3.25 2 0.25 13 8 1 9999
0 2.25 0.25 0 9 1 1.09643
0.25 2.25 0.25 1 9 1 0.920363
0.5 2.25 0.25 2 9 1 0.773945
0.75 2.25 0.25 3 9 1 0.646176
1 2.25 0.25 4 9 1 0.545845
1.25 2.25 0.25 5 9 1 0.482599
1.5 2.25 0.25 6 9 1 0.460764
1.75 2.25 0.25 7 9 1 0.482598
2 2.25 0.25 8 9 1 0.545844
2.25 2.25 0.25 9 9 1 0.646175
2.5 2.25 0.25 10 9 1 0.773944
2.75 2.25 0.25 11 9 1 0.920363
3 2.25 0.25 12 9 1 9999
3.25 2.25 0.25 13 9 1 9999
0 2.5 0.25 0 10 1 1.20198
0.25 2.5 0.25 1 10 1 1.03524
0.5 2.5 0.25 2 10 1 0.89182
0.75 2.5 0.25 3 10 1 0.769747
1 2.5 0.25 4 10 1 0.680027
1.25 2.5 0.25 5 10 1 0.624609
1.5 2.5 0.25 6 10 1 0.605471
1.75 2.5 0.25 7 10 1 0.624608
2 2.5 0.25 8 10 1 0.680026
2.25 2.5 0.25 9 10 1 0.769802
2.5 2.5 0.25 10 10 1 0.891819
2.75 2.5 0.25 11 10 1 1.03524
3 2.5 0.25 12 10 1 9999
3.25 2.5 0.25 13 10 1 9999
0 2.75 0.25 0 11 1 1.3221
0.25 2.75 0.25 1 11 1 1.16571
0.5 2.75 0.25 2 11 1 1.03811
0.75 2.75 0.25 3 11 1 0.926037
1 2.75 0.25 4 11 1 0.838708
1.25 2.75 0.25 5 11 1 0.785467
1.5 2.75 0.25 6 11 1 0.767767
1.75 2.75 0.25 7 11 1 0.785467
2 2.75 0.25 8 11 1 0.838708
2.25 2.75 0.25 9 11 1 0.926036
2.5 2.75 0.25 10 11 1 1.03811
2.75 2.75 0.25 11 11 1 1.16571
3 2.75 0.25 12 11 1 9999
3.25 2.75 0.25 13 11 1 9999
0 3 0.25 0 12 1 9999
0.25 3 0.25 1 12 1 9999
0.5 3 0.25 2 12 1 9999
0.75 3 0.25 3 12 1 9999
1 3 0.25 4 12 1 9999
1.25 3 0.25 5 12 1 9999
1.5 3 0.25 6 12 1 9999
1.75 3 0.25 7 12 1 9999
2 3 0.25 8 12 1 9999
2.25 3 0.25 9 12 1 9999
2.5 3 0.25 10 12 1 9999
2.75 3 0.25 11 12 1 9999
3 3 0.25 12 12 1 9999
3.25 3 0.25 13 12 1 9999
0 3.25 0.25 0 13 1 9999
0.25 3.25 0.25 1 13 1 9999
0.5 3.25 0.25 2 13 1 9999
0.75 3.25 0.25 3 13 1 9999
1 3.25 0.25 4 13 1 9999
1.25 3.25 0.25 5 13 1 9999
1.5 3.25 0.25 6 13 1 9999
1.75 3.25 0.25 7 13 1 9999
2 3.25 0.25 8 13 1 9999
2.25 3.25 0.25 9 13 1 9999
2.5 3.25 0.25 10 13 1 9999
2.75 3.25 0.25 11 13 1 9999
3 3.25 0.25 12 13 1 9999
3.25 3.25 0.25 13 13 1 9999
0 0 0.5 0 0 2 1.34997
0.25 0 0.5 1 0 2 1.19717
0.5 0 0.5 2 0 2 1.06239
0.75 0 0.5 3 0 2 0.958565
1 0 0.5 4 0 2 0.875127
1.25 0 0.5 5 0 2 0.82104
1.5 0 0.5 6 0 2 0.802777
1.75 0 0.5 7 0 2 0.821033
2 0 0.5 8 0 2 0.875126
2.25 0 0.5 9 0 2 0.958564
2.5 0 0.5 10 0 2 1.06239
2.75 0 0.5 11 0 2 1.19717
3 0 0.5 12 0 2 9999
3.25 0 0.5 13 0 2 9999
0 0.25 0.5 0 1 2 1.19402
0.25 0.25 0.5 1 1 2 1.03811
0.5 0.25 0.5 2 1 2 0.891009
0.75 0.25 0.5 3 1 2 0.769332
1 0.25 0.5 4 1 2 0.682189
1.25 0.25 0.5 5 1 2 0.626132
1.5 0.25 0.5 6 1 2 0.605472
1.75 0.25 0.5 7 1 2 0.62623
2 0.25 0.5 8 1 2 0.682189
2.25 0.25 0.5 9 1 2 0.769331
2.5 0.25 0.5 10 1 2 0.891009
2.75 0.25 0.5 11 1 2 1.03811
3 0.25 0.5 12 1 2 9999
3.25 0.25 0.5 13 1 2 9999
0 0.5 0.5 0 2 2 1.06612
0.25 0.5 0.5 1 2 2 0.89182
0.5 0.5 0.5 2 2 2 0.732878
0.75 0.5 0.5 3 2 2 0.607462
1 0.5 0.5 4 2 2 0.505945
1.25 0.5 0.5 5 2 2 0.438107
1.5 0.5 0.5 6 2 2 0.414214
1.75 0.5 0.5 7 2 2 0.438107
2 0.5 0.5 8 2 2 0.505945
2.25 0.5 0.5 9 2 2 0.607461
2.5 0.5 0.5 10 2 2 0.732877
2.75 0.5 0.5 11 2 2 0.891819
3 0.5 0.5 12 2 2 9999
3.25 0.5 0.5 13 2 2 9999
0 0.75 0.5 0 3 2 0.952566
0.25 0.75 0.5 1 3 2 0.773932
0.5 0.75 0.5 2 3 2 0.605589
0.75 0.75 0.5 3 3 2 0.463296
1 0.75 0.5 4 3 2 0.349275
1.25 0.75 0.5 5 3 2 0.279476
1.5 0.75 0.5 6 3 2 0.253621
1.75 0.75 0.5 7 3 2 0.279475
2 0.75 0.5 8 3 2 0.349274
2.25 0.75 0.5 9 3 2 0.463304
2.5 0.75 0.5 10 3 2 0.605588
2.75 0.75 0.5 11 3 2 0.773932
3 0.75 0.5 12 3 2 9999
3.25 0.75 0.5 13 3 2 9999
0 1 0.5 0 4 2 0.875108
0.25 1 0.5 1 4 2 0.686062
0.5 1 0.5 2 4 2 0.503276
0.75 1 0.5 3 4 2 0.349645
1 1 0.5 4 4 2 0.23007
1.25 1 0.5 5 4 2 0.152351
1.5 1 0.5 6 4 2 0.122436
1.75 1 0.5 7 4 2 0.15235
2 1 0.5 8 4 2 0.230069
2.25 1 0.5 9 4 2 0.349644
2.5 1 0.5 10 4 2 0.503276
2.75 1 0.5 11 4 2 0.686061
3 1 0.5 12 4 2 9999
3.25 1 0.5 13 4 2 9999
0 1.25 0.5 0 5 2 0.823416
0.25 1.25 0.5 1 5 2 0.627003
0.5 1.25 0.5 2 5 2 0.436894
0.75 1.25 0.5 3 5 2 0.278216
1 1.25 0.5 4 5 2 0.151386
1.25 1.25 0.5 5 5 2 0.0670381
1.5 1.25 0.5 6 5 2 0.0343271
1.75 1.25 0.5 7 5 2 0.0670374
2 1.25 0.5 8 5 2 0.151386
2.25 1.25 0.5 9 5 2 0.278215
2.5 1.25 0.5 10 5 2 0.436892
2.75 1.25 0.5 11 5 2 0.627003
3 1.25 0.5 12 5 2 9999
3.25 1.25 0.5 13 5 2 9999
0 1.5 0.5 0 6 2 0.802778
0.25 1.5 0.5 1 6 2 0.605472
0.5 1.5 0.5 2 6 2 0.414215
0.75 1.5 0.5 3 6 2 0.253621
1 1.5 0.5 4 6 2 0.122436
1.25 1.5 0.5 5 6 2 0.0343272
1.5 1.5 0.5 6 6 2 0
1.75 1.5 0.5 7 6 2 0.0343271
2 1.5 0.5 8 6 2 0.122435
2.25 1.5 0.5 9 6 2 0.253621
2.5 1.5 0.5 10 6 2 0.414213
2.75 1.5 0.5 11 6 2 0.605471
3 1.5 0.5 12 6 2 9999
3.25 1.5 0.5 13 6 2 9999
0 1.75 0.5 0 7 2 0.823416
0.25 1.75 0.5 1 7 2 0.626972
0.5 1.75 0.5 2 7 2 0.436894
0.75 1.75 0.5 3 7 2 0.278216
1 1.75 0.5 4 7 2 0.151386
1.25 1.75 0.5 5 7 2 0.0670381
1.5 1.75 0.5 6 7 2 0.034327
1.75 1.75 0.5 7 7 2 0.0670374
2 1.75 0.5 8 7 2 0.151386
2.25 1.75 0.5 9 7 2 0.278215
2.5 1.75 0.5 10 7 2 0.436892
2.75 1.75 0.5 11 7 2 0.626971
3 1.75 0.5 12 7 2 9999
3.25 1.75 0.5 13 7 2 9999
0 2 0.5 0 8 2 0.875108
0.25 2 0.5 1 8 2 0.686062
0.5 2 0.5 2 8 2 0.503276
0.75 2 0.5 3 8 2 0.349645
1 2 0.5 4 8 2 0.23007
1.25 2 0.5 5 8 2 0.152282
1.5 2 0.5 6 8 2 0.122435
1.75 2 0.5 7 8 2 0.152282
2 2 0.5 8 8 2 0.230069
2.25 2 0.5 9 8 2 0.349644
2.5 2 0.5 10 8 2 0.503276
2.75 2 0.5 11 8 2 0.686061
3 2 0.5 12 8 2 9999
3.25 2 0.5 13 8 2 9999
0 2.25 0.5 0 9 2 0.952566
0.25 2.25 0.5 1 9 2 0.773945
0.5 2.25 0.5 2 9 2 0.605589
0.75 2.25 0.5 3 9 2 0.463296
1 2.25 0.5 4 9 2 0.349275
1.25 2.25 0.5 5 9 2 0.279476
1.5 2.25 0.5 6 9 2 0.25362
1.75 2.25 0.5 7 9 2 0.279475
2 2.25 0.5 8 9 2 0.349274
2.25 2.25 0.5 9 9 2 0.463295
2.5 2.25 0.5 10 9 2 0.605588
2.75 2.25 0.5 11 9 2 0.773944
3 2.25 0.5 12 9 2 9999
3.25 2.25 0.5 13 9 2 9999
0 2.5 0.5 0 10 2 1.06612
0.25 2.5 0.5 1 10 2 0.89182
0.5 2.5 0.5 2 10 2 0.732878
0.75 2.5 0.5 3 10 2 0.607462
1 2.5 0.5 4 10 2 0.505857
1.25 2.5 0.5 5 10 2 0.438107
1.5 2.5 0.5 6 10 2 0.414213
1.75 2.5 0.5 7 10 2 0.438107
2 2.5 0.5 8 10 2 0.505857
2.25 2.5 0.5 9 10 2 0.607461
2.5 2.5 0.5 10 10 2 0.732877
2.75 2.5 0.5 11 10 2 0.891819
3 2.5 0.5 12 10 2 9999
3.25 2.5 0.5 13 10 2 9999
0 2.75 0.5 0 11 2 1.19402
0.25 2.75 0.5 1 11 2 1.03811
0.5 2.75 0.5 2 11 2 0.891009
0.75 2.75 0.5 3 11 2 0.769332
1 2.75 0.5 4 11 2 0.682189
1.25 2.75 0.5 5 11 2 0.62623
1.5 2.75 0.5 6 11 2 0.605471
1.75 2.75 0.5 7 11 2 0.62623
2 2.75 0.5 8 11 2 0.682189
2.25 2.75 0.5 9 11 2 0.769331
2.5 2.75 0.5 10 11 2 0.891009
2.75 2.75 0.5 11 11 2 1.03811
3 2.75 0.5 12 11 2 9999
3.25 2.75 0.5 13 11 2 9999
0 3 0.5 0 12 2 9999
0.25 3 0.5 1 12 2 9999
0.5 3 0.5 2 12 2 9999
0.75 3 0.5 3 12 2 9999
1 3 0.5 4 12 2 9999
1.25 3 0.5 5 12 2 9999
1.5 3 0.5 6 12 2 9999
1.75 3 0.5 7 12 2 9999
2 3 0.5 8 12 2 9999
2.25 3 0.5 9 12 2 9999
2.5 3 0.5 10 12 2 9999
2.75 3 0.5 11 12 2 9999
3 3 0.5 12 12 2 9999
3.25 3 0.5 13 12 2 9999
0 3.25 0.5 0 13 2 9999
0.25 3.25 0.5 1 13 2 9999
0.5 3.25 0.5 2 13 2 9999
0.75 3.25 0.5 3 13 2 9999
1 3.25 0.5 4 13 2 9999
1.25 3.25 0.5 5 13 2 9999
1.5 3.25 0.5 6 13 2 9999
1.75 3.25 0.5 7 13 2 9999
2 3.25 0.5 8 13 2 9999
2.25 3.25 0.5 9 13 2 9999
2.5 3.25 0.5 10 13 2 9999
2.75 3.25 0.5 11 13 2 9999
3 3.25 0.5 12 13 2 9999
3.25 3.25 0.5 13 13 2 9999
0 0 0.75 0 0 3 1.25494
0.25 0 0.75 1 0 3 1.09296
0.5 0 0.75 2 0 3 0.958564
0.75 0 0.75 3 0 3 0.837884
1 0 0.75 4 0 3 0.752677
1.25 0 0.75 5 0 3 0.701278
1.5 0 0.75 6 0 3 0.681245
1.75 0 0.75 7 0 3 0.701278
2 0 0.75 8 0 3 0.752677
2.25 0 0.75 9 0 3 0.837883
2.5 0 0.75 10 0 3 0.958564
2.75 0 0.75 11 0 3 1.09296
3 0 0.75 12 0 3 9999
3.25 0 0.75 13 0 3 9999
0 0.25 0.75 0 1 3 1.0968
0.25 0.25 0.75 1 1 3 0.926037
0.5 0.25 0.75 2 1 3 0.769331
0.75 0.25 0.75 3 1 3 0.643954
1 0.25 0.75 4 1 3 0.542916
1.25 0.25 0.75 5 1 3 0.481163
1.5 0.25 0.75 6 1 3 0.460764
1.75 0.25 0.75 7 1 3 0.481162
2 0.25 0.75 8 1 3 0.542916
2.25 0.25 0.75 9 1 3 0.643954
2.5 0.25 0.75 10 1 3 0.769331
2.75 0.25 0.75 11 1 3 0.926036
3 0.25 0.75 12 1 3 9999
3.25 0.25 0.75 13 1 3 9999
0 0.5 0.75 0 2 3 0.958258
0.25 0.5 0.75 1 2 3 0.769803
0.5 0.5 0.75 2 2 3 0.607462
0.75 0.5 0.75 3 2 3 0.459115
1 0.5 0.75 4 2 3 0.349661
1.25 0.5 0.75 5 2 3 0.28105
1.5 0.5 0.75 6 2 3 0.253621
1.75 0.5 0.75 7 2 3 0.281049
2 0.5 0.75 8 2 3 0.349661
2.25 0.5 0.75 9 2 3 0.459115
2.5 0.5 0.75 10 2 3 0.607461
2.75 0.5 0.75 11 2 3 0.769746
3 0.5 0.75 12 2 3 9999
3.25 0.5 0.75 13 2 3 9999
0 0.75 0.75 0 3 3 0.841409
0.25 0.75 0.75 1 3 3 0.646176
0.5 0.75 0.75 2 3 3 0.463305
0.75 0.75 0.75 3 3 3 0.300553
1 0.75 0.75 4 3 3 0.177395
1.25 0.75 0.75 5 3 3 0.0941856
1.5 0.75 0.75 6 3 3 0.0606606
1.75 0.75 0.75 7 3 3 0.0941855
2 0.75 0.75 8 3 3 0.177394
2.25 0.75 0.75 9 3 3 0.300551
2.5 0.75 0.75 10 3 3 0.463295
2.75 0.75 0.75 11 3 3 0.646175
3 0.75 0.75 12 3 3 9999
3.25 0.75 0.75 13 3 3 9999
0 1 0.75 0 4 3 0.758601
0.25 1 0.75 1 4 3 0.547529
0.5 1 0.75 2 4 3 0.349644
0.75 1 0.75 3 4 3 0.175933
1 1 0.75 4 4 3 0.0354797
1.25 1 0.75 5 4 3 -0.0589296
1.5 1 0.75 6 4 3 -0.097677
1.75 1 0.75 7 4 3 -0.0589306
2 1 0.75 8 4 3 0.0354787
2.25 1 0.75 9 4 3 0.175933
2.5 1 0.75 10 4 3 0.349644
2.75 1 0.75 11 4 3 0.547529
3 1 0.75 12 4 3 9999
3.25 1 0.75 13 4 3 9999
0 1.25 0.75 0 5 3 0.702384
0.25 1.25 0.75 1 5 3 0.483018
0.5 1.25 0.75 2 5 3 0.278216
0.75 1.25 0.75 3 5 3 0.0923762
1 1.25 0.75 4 5 3 -0.0596853
1.25 1.25 0.75 5 5 3 -0.161989
1.5 1.25 0.75 6 5 3 -0.204004
1.75 1.25 0.75 7 5 3 -0.161989
2 1.25 0.75 8 5 3 -0.0596861
2.25 1.25 0.75 9 5 3 0.092375
2.5 1.25 0.75 10 5 3 0.278215
2.75 1.25 0.75 11 5 3 0.483018
3 1.25 0.75 12 5 3 9999
3.25 1.25 0.75 13 5 3 9999
0 1.5 0.75 0 6 3 0.681245
0.25 1.5 0.75 1 6 3 0.460765
0.5 1.5 0.75 2 6 3 0.253621
0.75 1.5 0.75 3 6 3 0.0606613
1 1.5 0.75 4 6 3 -0.0975771
1.25 1.5 0.75 5 6 3 -0.203931
1.5 1.5 0.75 6 6 3 -0.24761
1.75 1.5 0.75 7 6 3 -0.203931
2 1.5 0.75 8 6 3 -0.0975772
2.25 1.5 0.75 9 6 3 0.0606598
2.5 1.5 0.75 10 6 3 0.253621
2.75 1.5 0.75 11 6 3 0.460764
3 1.5 0.75 12 6 3 9999
3.25 1.5 0.75 13 6 3 9999
0 1.75 0.75 0 7 3 0.702384
0.25 1.75 0.75 1 7 3 0.483018
0.5 1.75 0.75 2 7 3 0.278216
0.75 1.75 0.75 3 7 3 0.0923762
1 1.75 0.75 4 7 3 -0.0596853
1.25 1.75 0.75 5 7 3 -0.161989
1.5 1.75 0.75 6 7 3 -0.204004
1.75 1.75 0.75 7 7 3 -0.161989
2 1.75 0.75 8 7 3 -0.0596861
2.25 1.75 0.75 9 7 3 0.092375
2.5 1.75 0.75 10 7 3 0.278215
2.75 1.75 0.75 11 7 3 0.483018
3 1.75 0.75 12 7 3 9999
3.25 1.75 0.75 13 7 3 9999
0 2 0.75 0 8 3 0.758601
0.25 2 0.75 1 8 3 0.547529
0.5 2 0.75 2 8 3 0.349644
0.75 2 0.75 3 8 3 0.175933
1 2 0.75 4 8 3 0.0354797
1.25 2 0.75 5 8 3 -0.0589297
1.5 2 0.75 6 8 3 -0.0976779
1.75 2 0.75 7 8 3 -0.0589305
2 2 0.75 8 8 3 0.0354786
2.25 2 0.75 9 8 3 0.175933
2.5 2 0.75 10 8 3 0.349644
2.75 2 0.75 11 8 3 0.547529
3 2 0.75 12 8 3 9999
3.25 2 0.75 13 8 3 9999
0 2.25 0.75 0 9 3 0.841409
0.25 2.25 0.75 1 9 3 0.646176
0.5 2.25 0.75 2 9 3 0.463296
0.75 2.25 0.75 3 9 3 0.300553
1 2.25 0.75 4 9 3 0.177395
1.25 2.25 0.75 5 9 3 0.0941855
1.5 2.25 0.75 6 9 3 0.0606598
1.75 2.25 0.75 7 9 3 0.0941854
2 2.25 0.75 8 9 3 0.177394
2.25 2.25 0.75 9 9 3 0.300551
2.5 2.25 0.75 10 9 3 0.463295
2.75 2.25 0.75 11 9 3 0.646175
3 2.25 0.75 12 9 3 9999
3.25 2.25 0.75 13 9 3 9999
0 2.5 0.75 0 10 3 0.958237
0.25 2.5 0.75 1 10 3 0.769803
0.5 2.5 0.75 2 10 3 0.607462
0.75 2.5 0.75 3 10 3 0.459115
1 2.5 0.75 4 10 3 0.349661
1.25 2.5 0.75 5 10 3 0.281049
1.5 2.5 0.75 6 10 3 0.253621
1.75 2.5 0.75 7 10 3 0.281049
2 2.5 0.75 8 10 3 0.349661
2.25 2.5 0.75 9 10 3 0.459115
2.5 2.5 0.75 10 10 3 0.607461
2.75 2.5 0.75 11 10 3 0.769746
3 2.5 0.75 12 10 3 9999
3.25 2.5 0.75 13 10 3 9999
0 2.75 0.75 0 11 3 1.0968
0.25 2.75 0.75 1 11 3 0.926037
0.5 2.75 0.75 2 11 3 0.769331
0.75 2.75 0.75 3 11 3 0.643954
1 2.75 0.75 4 11 3 0.542913
1.25 2.75 0.75 5 11 3 0.481163
1.5 2.75 0.75 6 11 3 0.460764
1.75 2.75 0.75 7 11 3 0.481162
2 2.75 0.75 8 11 3 0.542916
2.25 2.75 0.75 9 11 3 0.643954
2.5 2.75 0.75 10 11 3 0.769331
2.75 2.75 0.75 11 11 3 0.926036
3 2.75 0.75 12 11 3 9999
3.25 2.75 0.75 13 11 3 9999
0 3 0.75 0 12 3 9999
0.25 3 0.75 1 12 3 9999
0.5 3 0.75 2 12 3 9999
0.75 3 0.75 3 12 3 9999
1 3 0.75 4 12 3 9999
1.25 3 0.75 5 12 3 9999
1.5 3 0.75 6 12 3 9999
1.75 3 0.75 7 12 3 9999
2 3 0.75 8 12 3 9999
2.25 3 0.75 9 12 3 9999
2.5 3 0.75 10 12 3 9999
2.75 3 0.75 11 12 3 9999
3 3 0.75 12 12 3 9999
3.25 3 0.75 13 12 3 9999
0 3.25 0.75 0 13 3 9999
0.25 3.25 0.75 1 13 3 9999
0.5 3.25 0.75 2 13 3 9999
0.75 3.25 0.75 3 13 3 9999
1 3.25 0.75 4 13 3 9999
1.25 3.25 0.75 5 13 3 9999
1.5 3.25 0.75 6 13 3 9999
1.75 3.25 0.75 7 13 3 9999
2 3.25 0.75 8 13 3 9999
2.25 3.25 0.75 9 13 3 9999
2.5 3.25 0.75 10 13 3 9999
2.75 3.25 0.75 11 13 3 9999
3 3.25 0.75 12 13 3 9999
3.25 3.25 0.75 13 13 3 9999
0 0 1 0 0 4 1.18218
0.25 0 1 1 0 4 1.01852
0.5 0 1 2 0 4 0.875126
0.75 0 1 3 0 4 0.752677
1 0 1 4 0 4 0.661025
1.25 0 1 5 0 4 0.602982
1.5 0 1 6 0 4 0.585368
1.75 0 1 7 0 4 0.602982
2 0 1 8 0 4 0.661025
2.25 0 1 9 0 4 0.752608
2.5 0 1 10 0 4 0.875127
2.75 0 1 11 0 4 1.01852
3 0 1 12 0 4 9999
3.25 0 1 13 0 4 9999
0 0.25 1 0 1 4 1.02254
0.25 0.25 1 1 1 4 0.838708
0.5 0.25 1 2 1 4 0.682189
0.75 0.25 1 3 1 4 0.542916
1 0.25 1 4 1 4 0.440545
1.25 0.25 1 5 1 4 0.371521
1.5 0.25 1 6 1 4 0.34658
1.75 0.25 1 7 1 4 0.37152
2 0.25 1 8 1 4 0.440544
2.25 0.25 1 9 1 4 0.542916
2.5 0.25 1 10 1 4 0.682189
2.75 0.25 1 11 1 4 0.838708
3 0.25 1 12 1 4 9999
3.25 0.25 1 13 1 4 9999
0 0.5 1 0 2 4 0.874448
0.25 0.5 1 1 2 4 0.680027
0.5 0.5 1 2 2 4 0.505857
0.75 0.5 1 3 2 4 0.349661
1 0.5 1 4 2 4 0.22641
1.25 0.5 1 5 2 4 0.151269
1.5 0.5 1 6 2 4 0.122435
1.75 0.5 1 7 2 4 0.151269
2 0.5 1 8 2 4 0.226409
2.25 0.5 1 9 2 4 0.349661
2.5 0.5 1 10 2 4 0.505856
2.75 0.5 1 11 2 4 0.680027
3 0.5 1 12 2 4 9999
3.25 0.5 1 13 2 4 9999
0 0.75 1 0 3 4 0.756184
0.25 0.75 1 1 3 4 0.545845
0.5 0.75 1 2 3 4 0.349275
0.75 0.75 1 3 3 4 0.177395
1 0.75 1 4 3 4 0.0331568
1.25 0.75 1 5 3 4 -0.0590908
1.5 0.75 1 6 3 4 -0.0980392
1.75 0.75 1 7 3 4 -0.0590914
2 0.75 1 8 3 4 0.0331567
2.25 0.75 1 9 3 4 0.177394
2.5 0.75 1 10 3 4 0.349274
2.75 0.75 1 11 3 4 0.545844
3 0.75 1 12 3 4 9999
3.25 0.75 1 13 3 4 9999
0 1 1 0 4 4 0.666816
0.25 1 1 1 4 4 0.43849
0.5 1 1 2 4 4 0.230069
0.75 1 1 3 4 4 0.0354794
1 1 1 4 4 4 -0.131007
1.25 1 1 5 4 4 -0.243228
1.5 1 1 6 4 4 -0.290641
1.75 1 1 7 4 4 -0.243228
2 1 1 8 4 4 -0.131008
2.25 1 1 9 4 4 0.0354787
2.5 1 1 10 4 4 0.230069
2.75 1 1 11 4 4 0.438489
3 1 1 12 4 4 9999
3.25 1 1 13 4 4 9999
0 1.25 1 0 5 4 0.60698
0.25 1.25 1 1 5 4 0.369873
0.5 1.25 1 2 5 4 0.151386
0.75 1.25 1 3 5 4 -0.0596861
1 1.25 1 4 5 4 -0.244868
1.25 1.25 1 5 5 4 -0.380691
1.5 1.25 1 6 5 4 -0.434737
1.75 1.25 1 7 5 4 -0.380691
2 1.25 1 8 5 4 -0.244869
2.25 1.25 1 9 5 4 -0.0596862
2.5 1.25 1 10 5 4 0.151386
2.75 1.25 1 11 5 4 0.369873
3 1.25 1 12 5 4 9999
3.25 1.25 1 13 5 4 9999
0 1.5 1 0 6 4 0.585369
0.25 1.5 1 1 6 4 0.346581
0.5 1.5 1 2 6 4 0.122436
0.75 1.5 1 3 6 4 -0.0975772
1 1.5 1 4 6 4 -0.290092
1.25 1.5 1 5 6 4 -0.434293
1.5 1.5 1 6 6 4 -0.495219
1.75 1.5 1 7 6 4 -0.434293
2 1.5 1 8 6 4 -0.290093
2.25 1.5 1 9 6 4 -0.097578
2.5 1.5 1 10 6 4 0.122435
2.75 1.5 1 11 6 4 0.34658
3 1.5 1 12 6 4 9999
3.25 1.5 1 13 6 4 9999
0 1.75 1 0 7 4 0.606964
0.25 1.75 1 1 7 4 0.369873
0.5 1.75 1 2 7 4 0.151386
0.75 1.75 1 3 7 4 -0.0596861
1 1.75 1 4 7 4 -0.244869
1.25 1.75 1 5 7 4 -0.380691
1.5 1.75 1 6 7 4 -0.434738
1.75 1.75 1 7 7 4 -0.380691
2 1.75 1 8 7 4 -0.244869
2.25 1.75 1 9 7 4 -0.0596862
2.5 1.75 1 10 7 4 0.151386
2.75 1.75 1 11 7 4 0.369873
3 1.75 1 12 7 4 9999
3.25 1.75 1 13 7 4 9999
0 2 1 0 8 4 0.666816
0.25 2 1 1 8 4 0.43849
0.5 2 1 2 8 4 0.230069
0.75 2 1 3 8 4 0.0354793
1 2 1 4 8 4 -0.131007
1.25 2 1 5 8 4 -0.243229
1.5 2 1 6 8 4 -0.290642
1.75 2 1 7 8 4 -0.24323
2 2 1 8 8 4 -0.131008
2.25 2 1 9 8 4 0.0354787
2.5 2 1 10 8 4 0.230069
2.75 2 1 11 8 4 0.438489
3 2 1 12 8 4 9999
3.25 2 1 13 8 4 9999
0 2.25 1 0 9 4 0.756184
0.25 2.25 1 1 9 4 0.545845
0.5 2.25 1 2 9 4 0.349275
0.75 2.25 1 3 9 4 0.177395
1 2.25 1 4 9 4 0.0331568
1.25 2.25 1 5 9 4 -0.0591664
1.5 2.25 1 6 9 4 -0.0980392
1.75 2.25 1 7 9 4 -0.0591669
2 2.25 1 8 9 4 0.0331568
2.25 2.25 1 9 9 4 0.177394
2.5 2.25 1 10 9 4 0.349274
2.75 2.25 1 11 9 4 0.545844
3 2.25 1 12 9 4 9999
3.25 2.25 1 13 9 4 9999
0 2.5 1 0 10 4 0.874448
0.25 2.5 1 1 10 4 0.680027
0.5 2.5 1 2 10 4 0.505857
0.75 2.5 1 3 10 4 0.349661
1 2.5 1 4 10 4 0.22641
1.25 2.5 1 5 10 4 0.151269
1.5 2.5 1 6 10 4 0.122435
1.75 2.5 1 7 10 4 0.151269
2 2.5 1 8 10 4 0.226409
2.25 2.5 1 9 10 4 0.349661
2.5 2.5 1 10 10 4 0.505856
2.75 2.5 1 11 10 4 0.680027
3 2.5 1 12 10 4 9999
3.25 2.5 1 13 10 4 9999
0 2.75 1 0 11 4 1.02254
0.25 2.75 1 1 11 4 0.838708
0.5 2.75 1 2 11 4 0.682189
0.75 2.75 1 3 11 4 0.542916
1 2.75 1 4 11 4 0.440544
1.25 2.75 1 5 11 4 0.371512
1.5 2.75 1 6 11 4 0.34658
1.75 2.75 1 7 11 4 0.371512
2 2.75 1 8 11 4 0.440544
2.25 2.75 1 9 11 4 0.542916
2.5 2.75 1 10 11 4 0.682189
2.75 2.75 1 11 11 4 0.838708
3 2.75 1 12 11 4 9999
3.25 2.75 1 13 11 4 9999
0 3 1 0 12 4 9999
0.25 3 1 1 12 4 9999
0.5 3 1 2 12 4 9999
0.75 3 1 3 12 4 9999
1 3 1 4 12 4 9999
1.25 3 1 5 12 4 9999
1.5 3 1 6 12 4 9999
1.75 3 1 7 12 4 9999
2 3 1 8 12 4 9999
2.25 3 1 9 12 4 9999
2.5 3 1 10 12 4 9999
2.75 3 1 11 12 4 9999
3 3 1 12 12 4 9999
3.25 3 1 13 12 4 9999
0 3.25 1 0 13 4 9999
0.25 3.25 1 1 13 4 9999
0.5 3.25 1 2 13 4 9999
0.75 3.25 1 3 13 4 9999
1 3.25 1 4 13 4 9999
1.25 3.25 1 5 13 4 9999
1.5 3.25 1 6 13 4 9999
1.75 3.25 1 7 13 4 9999
2 3.25 1 8 13 4 9999
2.25 3.25 1 9 13 4 9999
2.5 3.25 1 10 13 4 9999
2.75 3.25 1 11 13 4 9999
3 3.25 1 12 13 4 9999
3.25 3.25 1 13 13 4 9999
0 0 1.25 0 0 5 1.13651
0.25 0 1.25 1 0 5 0.973027
0.5 0 1.25 2 0 5 0.821033
0.75 0 1.25 3 0 5 0.701278
1 0 1.25 4 0 5 0.602982
1.25 0 1.25 5 0 5 0.542857
1.5 0 1.25 6 0 5 0.52211
1.75 0 1.25 7 0 5 0.542857
2 0 1.25 8 0 5 0.602982
2.25 0 1.25 9 0 5 0.701278
2.5 0 1.25 10 0 5 0.821041
2.75 0 1.25 11 0 5 0.973027
3 0 1.25 12 0 5 9999
3.25 0 1.25 13 0 5 9999
0 0.25 1.25 0 1 5 0.973901
0.25 0.25 1.25 1 1 5 0.785467
0.5 0.25 1.25 2 1 5 0.626231
0.75 0.25 1.25 3 1 5 0.481163
1 0.25 1.25 4 1 5 0.371521
1.25 0.25 1.25 5 1 5 0.303622
1.5 0.25 1.25 6 1 5 0.274758
1.75 0.25 1.25 7 1 5 0.303622
2 0.25 1.25 8 1 5 0.37152
2.25 0.25 1.25 9 1 5 0.481163
2.5 0.25 1.25 10 1 5 0.626231
2.75 0.25 1.25 11 1 5 0.785467
3 0.25 1.25 12 1 5 9999
3.25 0.25 1.25 13 1 5 9999
0 0.5 1.25 0 2 5 0.820838
0.25 0.5 1.25 1 2 5 0.624609
0.5 0.5 1.25 2 2 5 0.438108
0.75 0.5 1.25 3 2 5 0.281049
1 0.5 1.25 4 2 5 0.151269
1.25 0.5 1.25 5 2 5 0.0643865
1.5 0.5 1.25 6 2 5 0.0343269
1.75 0.5 1.25 7 2 5 0.0643865
2 0.5 1.25 8 2 5 0.151269
2.25 0.5 1.25 9 2 5 0.281049
2.5 0.5 1.25 10 2 5 0.438108
2.75 0.5 1.25 11 2 5 0.624609
3 0.5 1.25 12 2 5 9999
3.25 0.5 1.25 13 2 5 9999
0 0.75 1.25 0 3 5 0.700448
0.25 0.75 1.25 1 3 5 0.482598
0.5 0.75 1.25 2 3 5 0.279476
0.75 0.75 1.25 3 3 5 0.0941856
1 0.75 1.25 4 3 5 -0.0590913
1.25 0.75 1.25 5 3 5 -0.1669
1.5 0.75 1.25 6 3 5 -0.204825
1.75 0.75 1.25 7 3 5 -0.1669
2 0.75 1.25 8 3 5 -0.0590913
2.25 0.75 1.25 9 3 5 0.0941852
2.5 0.75 1.25 10 3 5 0.279475
2.75 0.75 1.25 11 3 5 0.482598
3 0.75 1.25 12 3 5 9999
3.25 0.75 1.25 13 3 5 9999
0 1 1.25 0 4 5 0.606319
0.25 1 1.25 1 4 5 0.369971
0.5 1 1.25 2 4 5 0.152282
0.75 1 1.25 3 4 5 -0.0589299
1 1 1.25 4 4 5 -0.243228
1.25 1 1.25 5 4 5 -0.383639
1.5 1 1.25 6 4 5 -0.435906
1.75 1 1.25 7 4 5 -0.38364
2 1 1.25 8 4 5 -0.243228
2.25 1 1.25 9 4 5 -0.0589305
2.5 1 1.25 10 4 5 0.15235
2.75 1 1.25 11 4 5 0.36997
3 1 1.25 12 4 5 9999
3.25 1 1.25 13 4 5 9999
0 1.25 1.25 0 5 5 0.544027
0.25 1.25 1.25 1 5 5 0.299057
0.5 1.25 1.25 2 5 5 0.067038
0.75 1.25 1.25 3 5 5 -0.161988
1 1.25 1.25 4 5 5 -0.380691
1.25 1.25 1.25 5 5 5 -0.56166
1.5 1.25 1.25 6 5 5 -0.641477
1.75 1.25 1.25 7 5 5 -0.561661
2 1.25 1.25 8 5 5 -0.380691
2.25 1.25 1.25 9 5 5 -0.161989
2.5 1.25 1.25 10 5 5 0.0670372
2.75 1.25 1.25 11 5 5 0.299056
3 1.25 1.25 12 5 5 9999
3.25 1.25 1.25 13 5 5 9999
0 1.5 1.25 0 6 5 0.52211
0.25 1.5 1.25 1 6 5 0.274758
0.5 1.5 1.25 2 6 5 0.0343272
0.75 1.5 1.25 3 6 5 -0.203931
1 1.5 1.25 4 6 5 -0.434293
1.25 1.5 1.25 5 6 5 -0.640265
1.5 1.5 1.25 6 6 5 -0.742829
1.75 1.5 1.25 7 6 5 -0.640265
2 1.5 1.25 8 6 5 -0.434294
2.25 1.5 1.25 9 6 5 -0.203931
2.5 1.5 1.25 10 6 5 0.0343271
2.75 1.5 1.25 11 6 5 0.274758
3 1.5 1.25 12 6 5 9999
3.25 1.5 1.25 13 6 5 9999
0 1.75 1.25 0 7 5 0.544027
0.25 1.75 1.25 1 7 5 0.299057
0.5 1.75 1.25 2 7 5 0.067038
0.75 1.75 1.25 3 7 5 -0.161988
1 1.75 1.25 4 7 5 -0.380691
1.25 1.75 1.25 5 7 5 -0.56166
1.5 1.75 1.25 6 7 5 -0.641477
1.75 1.75 1.25 7 7 5 -0.561665
2 1.75 1.25 8 7 5 -0.380691
2.25 1.75 1.25 9 7 5 -0.161989
2.5 1.75 1.25 10 7 5 0.0670372
2.75 1.75 1.25 11 7 5 0.299056
3 1.75 1.25 12 7 5 9999
3.25 1.75 1.25 13 7 5 9999
0 2 1.25 0 8 5 0.606319
0.25 2 1.25 1 8 5 0.369971
0.5 2 1.25 2 8 5 0.152282
0.75 2 1.25 3 8 5 -0.0589299
1 2 1.25 4 8 5 -0.243228
1.25 2 1.25 5 8 5 -0.383639
1.5 2 1.25 6 8 5 -0.435906
1.75 2 1.25 7 8 5 -0.38364
2 2 1.25 8 8 5 -0.24323
2.25 2 1.25 9 8 5 -0.0589306
2.5 2 1.25 10 8 5 0.152281
2.75 2 1.25 11 8 5 0.36997
3 2 1.25 12 8 5 9999
3.25 2 1.25 13 8 5 9999
0 2.25 1.25 0 9 5 0.700448
0.25 2.25 1.25 1 9 5 0.482598
0.5 2.25 1.25 2 9 5 0.279476
0.75 2.25 1.25 3 9 5 0.0941856
1 2.25 1.25 4 9 5 -0.0590913
1.25 2.25 1.25 5 9 5 -0.1669
1.5 2.25 1.25 6 9 5 -0.204825
1.75 2.25 1.25 7 9 5 -0.166901
2 2.25 1.25 8 9 5 -0.0590915
2.25 2.25 1.25 9 9 5 0.0941851
2.5 2.25 1.25 10 9 5 0.279475
2.75 2.25 1.25 11 9 5 0.482598
3 2.25 1.25 12 9 5 9999
3.25 2.25 1.25 13 9 5 9999
0 2.5 1.25 0 10 5 0.820838
0.25 2.5 1.25 1 10 5 0.624608
0.5 2.5 1.25 2 10 5 0.438108
0.75 2.5 1.25 3 10 5 0.281049
1 2.5 1.25 4 10 5 0.151315
1.25 2.5 1.25 5 10 5 0.0643866
1.5 2.5 1.25 6 10 5 0.034327
1.75 2.5 1.25 7 10 5 0.0643864
2 2.5 1.25 8 10 5 0.151315
2.25 2.5 1.25 9 10 5 0.281049
2.5 2.5 1.25 10 10 5 0.438107
2.75 2.5 1.25 11 10 5 0.624608
3 2.5 1.25 12 10 5 9999
3.25 2.5 1.25 13 10 5 9999
0 2.75 1.25 0 11 5 0.973901
0.25 2.75 1.25 1 11 5 0.785467
0.5 2.75 1.25 2 11 5 0.626132
0.75 2.75 1.25 3 11 5 0.481163
1 2.75 1.25 4 11 5 0.371512
1.25 2.75 1.25 5 11 5 0.303622
1.5 2.75 1.25 6 11 5 0.274758
1.75 2.75 1.25 7 11 5 0.303622
2 2.75 1.25 8 11 5 0.371512
2.25 2.75 1.25 9 11 5 0.481163
2.5 2.75 1.25 10 11 5 0.62623
2.75 2.75 1.25 11 11 5 0.785467
3 2.75 1.25 12 11 5 9999
3.25 2.75 1.25 13 11 5 9999
0 3 1.25 0 12 5 9999
0.25 3 1.25 1 12 5 9999
0.5 3 1.25 2 12 5 9999
0.75 3 1.25 3 12 5 9999
1 3 1.25 4 12 5 9999
1.25 3 1.25 5 12 5 9999
1.5 3 1.25 6 12 5 9999
1.75 3 1.25 7 12 5 9999
2 3 1.25 8 12 5 9999
2.25 3 1.25 9 12 5 9999
2.5 3 1.25 10 12 5 9999
2.75 3 1.25 11 12 5 9999
3 3 1.25 12 12 5 9999
3.25 3 1.25 13 12 5 9999
0 3.25 1.25 0 13 5 9999
0.25 3.25 1.25 1 13 5 9999
0.5 3.25 1.25 2 13 5 9999
0.75 3.25 1.25 3 13 5 9999
1 3.25 1.25 4 13 5 9999
1.25 3.25 1.25 5 13 5 9999
1.5 3.25 1.25 6 13 5 9999
1.75 3.25 1.25 7 13 5 9999
2 3.25 1.25 8 13 5 9999
2.25 3.25 1.25 9 13 5 9999
2.5 3.25 1.25 10 13 5 9999
2.75 3.25 1.25 11 13 5 9999
3 3.25 1.25 12 13 5 9999
3.25 3.25 1.25 13 13 5 9999
0 0 1.5 0 0 6 1.12132
0.25 0 1.5 1 0 6 0.957322
0.5 0 1.5 2 0 6 0.802777
0.75 0 1.5 3 0 6 0.681245
1 0 1.5 4 0 6 0.585368
1.25 0 1.5 5 0 6 0.52211
1.5 0 1.5 6 0 6 0.5
1.75 0 1.5 7 0 6 0.52211
2 0 1.5 8 0 6 0.585368
2.25 0 1.5 9 0 6 0.681244
2.5 0 1.5 10 0 6 0.802777
2.75 0 1.5 11 0 6 0.957322
3 0 1.5 12 0 6 9999
3.25 0 1.5 13 0 6 9999
0 0.25 1.5 0 1 6 0.957323
0.25 0.25 1.5 1 1 6 0.767767
0.5 0.25 1.5 2 1 6 0.605471
0.75 0.25 1.5 3 1 6 0.460764
1 0.25 1.5 4 1 6 0.34658
1.25 0.25 1.5 5 1 6 0.274758
1.5 0.25 1.5 6 1 6 0.25
1.75 0.25 1.5 7 1 6 0.274758
2 0.25 1.5 8 1 6 0.346579
2.25 0.25 1.5 9 1 6 0.460764
2.5 0.25 1.5 10 1 6 0.605471
2.75 0.25 1.5 11 1 6 0.767767
3 0.25 1.5 12 1 6 9999
3.25 0.25 1.5 13 1 6 9999
0 0.5 1.5 0 2 6 0.802778
0.25 0.5 1.5 1 2 6 0.605472
0.5 0.5 1.5 2 2 6 0.414213
0.75 0.5 1.5 3 2 6 0.253621
1 0.5 1.5 4 2 6 0.122435
1.25 0.5 1.5 5 2 6 0.0343269
1.5 0.5 1.5 6 2 6 0
1.75 0.5 1.5 7 2 6 0.0343269
2 0.5 1.5 8 2 6 0.122434
2.25 0.5 1.5 9 2 6 0.25362
2.5 0.5 1.5 10 2 6 0.414213
2.75 0.5 1.5 11 2 6 0.605471
3 0.5 1.5 12 2 6 9999
3.25 0.5 1.5 13 2 6 9999
0 0.75 1.5 0 3 6 0.681245
0.25 0.75 1.5 1 3 6 0.460765
0.5 0.75 1.5 2 3 6 0.253621
0.75 0.75 1.5 3 3 6 0.0606599
1 0.75 1.5 4 3 6 -0.0980392
1.25 0.75 1.5 5 3 6 -0.204825
1.5 0.75 1.5 6 3 6 -0.248785
1.75 0.75 1.5 7 3 6 -0.204825
2 0.75 1.5 8 3 6 -0.0980393
2.25 0.75 1.5 9 3 6 0.0606598
2.5 0.75 1.5 10 3 6 0.253621
2.75 0.75 1.5 11 3 6 0.460764
3 0.75 1.5 12 3 6 9999
3.25 0.75 1.5 13 3 6 9999
0 1 1.5 0 4 6 0.585369
0.25 1 1.5 1 4 6 0.346581
0.5 1 1.5 2 4 6 0.122436
0.75 1 1.5 3 4 6 -0.097677
1 1 1.5 4 4 6 -0.290651
1.25 1 1.5 5 4 6 -0.435906
1.5 1 1.5 6 4 6 -0.497569
1.75 1 1.5 7 4 6 -0.435906
2 1 1.5 8 4 6 -0.290651
2.25 1 1.5 9 4 6 -0.0976778
2.5 1 1.5 10 4 6 0.122435
2.75 1 1.5 11 4 6 0.34658
3 1 1.5 12 4 6 9999
3.25 1 1.5 13 4 6 9999
0 1.25 1.5 0 5 6 0.52211
0.25 1.25 1.5 1 5 6 0.274758
0.5 1.25 1.5 2 5 6 0.0343272
0.75 1.25 1.5 3 5 6 -0.204004
1 1.25 1.5 4 5 6 -0.434737
1.25 1.25 1.5 5 5 6 -0.641497
1.5 1.25 1.5 6 5 6 -0.746354
1.75 1.25 1.5 7 5 6 -0.641497
2 1.25 1.5 8 5 6 -0.434738
2.25 1.25 1.5 9 5 6 -0.204004
2.5 1.25 1.5 10 5 6 0.034327
2.75 1.25 1.5 11 5 6 0.274758
3 1.25 1.5 12 5 6 9999
3.25 1.25 1.5 13 5 6 9999
0 1.5 1.5 0 6 6 0.5
0.25 1.5 1.5 1 6 6 0.25
0.5 1.5 1.5 2 6 6 1.86265e-09
0.75 1.5 1.5 3 6 6 -0.24761
1 1.5 1.5 4 6 6 -0.495219
1.25 1.5 1.5 5 6 6 -0.742829
1.5 1.5 1.5 6 6 6 -0.990438
1.75 1.5 1.5 7 6 6 -0.742829
2 1.5 1.5 8 6 6 -0.495219
2.25 1.5 1.5 9 6 6 -0.24761
2.5 1.5 1.5 10 6 6 0
2.75 1.5 1.5 11 6 6 0.25
3 1.5 1.5 12 6 6 9999
3.25 1.5 1.5 13 6 6 9999
0 1.75 1.5 0 7 6 0.52211
0.25 1.75 1.5 1 7 6 0.274758
0.5 1.75 1.5 2 7 6 0.0343272
0.75 1.75 1.5 3 7 6 -0.204004
1 1.75 1.5 4 7 6 -0.434737
1.25 1.75 1.5 5 7 6 -0.641477
1.5 1.75 1.5 6 7 6 -0.746354
1.75 1.75 1.5 7 7 6 -0.641478
2 1.75 1.5 8 7 6 -0.434738
2.25 1.75 1.5 9 7 6 -0.204004
2.5 1.75 1.5 10 7 6 0.0343269
2.75 1.75 1.5 11 7 6 0.274758
3 1.75 1.5 12 7 6 9999
3.25 1.75 1.5 13 7 6 9999
0 2 1.5 0 8 6 0.585369
0.25 2 1.5 1 8 6 0.346581
0.5 2 1.5 2 8 6 0.122436
0.75 2 1.5 3 8 6 -0.097677
1 2 1.5 4 8 6 -0.290642
1.25 2 1.5 5 8 6 -0.435906
1.5 2 1.5 6 8 6 -0.497569
1.75 2 1.5 7 8 6 -0.435906
2 2 1.5 8 8 6 -0.290642
2.25 2 1.5 9 8 6 -0.0976779
2.5 2 1.5 10 8 6 0.122435
2.75 2 1.5 11 8 6 0.34658
3 2 1.5 12 8 6 9999
3.25 2 1.5 13 8 6 9999
0 2.25 1.5 0 9 6 0.681245
0.25 2.25 1.5 1 9 6 0.460765
0.5 2.25 1.5 2 9 6 0.253621
0.75 2.25 1.5 3 9 6 0.0606598
1 2.25 1.5 4 9 6 -0.0979402
1.25 2.25 1.5 5 9 6 -0.204825
1.5 2.25 1.5 6 9 6 -0.248784
1.75 2.25 1.5 7 9 6 -0.204825
2 2.25 1.5 8 9 6 -0.0979402
2.25 2.25 1.5 9 9 6 0.0606598
2.5 2.25 1.5 10 9 6 0.25362
2.75 2.25 1.5 11 9 6 0.460764
3 2.25 1.5 12 9 6 9999
3.25 2.25 1.5 13 9 6 9999
0 2.5 1.5 0 10 6 0.802777
0.25 2.5 1.5 1 10 6 0.605472
0.5 2.5 1.5 2 10 6 0.414213
0.75 2.5 1.5 3 10 6 0.25362
1 2.5 1.5 4 10 6 0.122435
1.25 2.5 1.5 5 10 6 0.0343269
1.5 2.5 1.5 6 10 6 9.49949e-08
1.75 2.5 1.5 7 10 6 0.0343267
2 2.5 1.5 8 10 6 0.122434
2.25 2.5 1.5 9 10 6 0.25362
2.5 2.5 1.5 10 10 6 0.414213
2.75 2.5 1.5 11 10 6 0.605471
3 2.5 1.5 12 10 6 9999
3.25 2.5 1.5 13 10 6 9999
0 2.75 1.5 0 11 6 0.957323
0.25 2.75 1.5 1 11 6 0.767767
0.5 2.75 1.5 2 11 6 0.605471
0.75 2.75 1.5 3 11 6 0.460764
1 2.75 1.5 4 11 6 0.34658
1.25 2.75 1.5 5 11 6 0.274758
1.5 2.75 1.5 6 11 6 0.25
1.75 2.75 1.5 7 11 6 0.274758
2 2.75 1.5 8 11 6 0.346579
2.25 2.75 1.5 9 11 6 0.460764
2.5 2.75 1.5 10 11 6 0.605471
2.75 2.75 1.5 11 11 6 0.767767
3 2.75 1.5 12 11 6 9999
3.25 2.75 1.5 13 11 6 9999
0 3 1.5 0 12 6 9999
0.25 3 1.5 1 12 6 9999
0.5 3 1.5 2 12 6 9999
0.75 3 1.5 3 12 6 9999
1 3 1.5 4 12 6 9999
1.25 3 1.5 5 12 6 9999
1.5 3 1.5 6 12 6 9999
1.75 3 1.5 7 12 6 9999
2 3 1.5 8 12 6 9999
2.25 3 1.5 9 12 6 9999
2.5 3 1.5 10 12 6 9999
2.75 3 1.5 11 12 6 9999
3 3 1.5 12 12 6 9999
3.25 3 1.5 13 12 6 9999
0 3.25 1.5 0 13 6 9999
0.25 3.25 1.5 1 13 6 9999
0.5 3.25 1.5 2 13 6 9999
0.75 3.25 1.5 3 13 6 9999
1 3.25 1.5 4 13 6 9999
1.25 3.25 1.5 5 13 6 9999
1.5 3.25 1.5 6 13 6 9999
1.75 3.25 1.5 7 13 6 9999
2 3.25 1.5 8 13 6 9999
2.25 3.25 1.5 9 13 6 9999
2.5 3.25 1.5 10 13 6 9999
2.75 3.25 1.5 11 13 6 9999
3 3.25 1.5 12 13 6 9999
3.25 3.25 1.5 13 13 6 9999
0 0 1.75 0 0 7 1.13651
0.25 0 1.75 1 0 7 0.973027
0.5 0 1.75 2 0 7 0.82104
0.75 0 1.75 3 0 7 0.701278
1 0 1.75 4 0 7 0.602982
1.25 0 1.75 5 0 7 0.542857
1.5 0 1.75 6 0 7 0.52211
1.75 0 1.75 7 0 7 0.542857
2 0 1.75 8 0 7 0.602982
2.25 0 1.75 9 0 7 0.701278
2.5 0 1.75 10 0 7 0.821033
2.75 0 1.75 11 0 7 0.973027
3 0 1.75 12 0 7 9999
3.25 0 1.75 13 0 7 9999
0 0.25 1.75 0 1 7 0.973901
0.25 0.25 1.75 1 1 7 0.785467
0.5 0.25 1.75 2 1 7 0.62623
0.75 0.25 1.75 3 1 7 0.481162
1 0.25 1.75 4 1 7 0.37152
1.25 0.25 1.75 5 1 7 0.303622
1.5 0.25 1.75 6 1 7 0.274758
1.75 0.25 1.75 7 1 7 0.303622
2 0.25 1.75 8 1 7 0.37152
2.25 0.25 1.75 9 1 7 0.481162
2.5 0.25 1.75 10 1 7 0.626132
2.75 0.25 1.75 11 1 7 0.785467
3 0.25 1.75 12 1 7 9999
3.25 0.25 1.75 13 1 7 9999
0 0.5 1.75 0 2 7 0.820838
0.25 0.5 1.75 1 2 7 0.624608
0.5 0.5 1.75 2 2 7 0.438107
0.75 0.5 1.75 3 2 7 0.281049
1 0.5 1.75 4 2 7 0.151269
1.25 0.5 1.75 5 2 7 0.0643865
1.5 0.5 1.75 6 2 7 0.0343267
1.75 0.5 1.75 7 2 7 0.0643865
2 0.5 1.75 8 2 7 0.151269
2.25 0.5 1.75 9 2 7 0.281049
2.5 0.5 1.75 10 2 7 0.438107
2.75 0.5 1.75 11 2 7 0.624608
3 0.5 1.75 12 2 7 9999
3.25 0.5 1.75 13 2 7 9999
0 0.75 1.75 0 3 7 0.700448
0.25 0.75 1.75 1 3 7 0.482598
0.5 0.75 1.75 2 3 7 0.279475
0.75 0.75 1.75 3 3 7 0.0941856
1 0.75 1.75 4 3 7 -0.0590916
1.25 0.75 1.75 5 3 7 -0.1669
1.5 0.75 1.75 6 3 7 -0.204825
1.75 0.75 1.75 7 3 7 -0.166901
2 0.75 1.75 8 3 7 -0.0590916
2.25 0.75 1.75 9 3 7 0.0941851
2.5 0.75 1.75 10 3 7 0.279475
2.75 0.75 1.75 11 3 7 0.482597
3 0.75 1.75 12 3 7 9999
3.25 0.75 1.75 13 3 7 9999
0 1 1.75 0 4 7 0.606319
0.25 1 1.75 1 4 7 0.369971
0.5 1 1.75 2 4 7 0.15235
0.75 1 1.75 3 4 7 -0.05893
1 1 1.75 4 4 7 -0.243228
1.25 1 1.75 5 4 7 -0.38364
1.5 1 1.75 6 4 7 -0.435906
1.75 1 1.75 7 4 7 -0.38364
2 1 1.75 8 4 7 -0.243229
2.25 1 1.75 9 4 7 -0.0589307
2.5 1 1.75 10 4 7 0.152281
2.75 1 1.75 11 4 7 0.36997
3 1 1.75 12 4 7 9999
3.25 1 1.75 13 4 7 9999
0 1.25 1.75 0 5 7 0.544027
0.25 1.25 1.75 1 5 7 0.299057
0.5 1.25 1.75 2 5 7 0.067038
0.75 1.25 1.75 3 5 7 -0.161989
1 1.25 1.75 4 5 7 -0.380691
1.25 1.25 1.75 5 5 7 -0.561661
1.5 1.25 1.75 6 5 7 -0.641497
1.75 1.25 1.75 7 5 7 -0.561661
2 1.25 1.75 8 5 7 -0.380691
2.25 1.25 1.75 9 5 7 -0.16199
2.5 1.25 1.75 10 5 7 0.067037
2.75 1.25 1.75 11 5 7 0.299056
3 1.25 1.75 12 5 7 9999
3.25 1.25 1.75 13 5 7 9999
0 1.5 1.75 0 6 7 0.52211
0.25 1.5 1.75 1 6 7 0.274758
0.5 1.5 1.75 2 6 7 0.0343269
0.75 1.5 1.75 3 6 7 -0.203931
1 1.5 1.75 4 6 7 -0.434294
1.25 1.5 1.75 5 6 7 -0.640266
1.5 1.5 1.75 6 6 7 -0.742829
1.75 1.5 1.75 7 6 7 -0.640266
2 1.5 1.75 8 6 7 -0.434294
2.25 1.5 1.75 9 6 7 -0.203931
2.5 1.5 1.75 10 6 7 0.0343266
2.75 1.5 1.75 11 6 7 0.274758
3 1.5 1.75 12 6 7 9999
3.25 1.5 1.75 13 6 7 9999
0 1.75 1.75 0 7 7 0.544027
0.25 1.75 1.75 1 7 7 0.299057
0.5 1.75 1.75 2 7 7 0.067038
0.75 1.75 1.75 3 7 7 -0.161989
1 1.75 1.75 4 7 7 -0.380691
1.25 1.75 1.75 5 7 7 -0.561661
1.5 1.75 1.75 6 7 7 -0.641478
1.75 1.75 1.75 7 7 7 -0.561665
2 1.75 1.75 8 7 7 -0.380691
2.25 1.75 1.75 9 7 7 -0.16199
2.5 1.75 1.75 10 7 7 0.067037
2.75 1.75 1.75 11 7 7 0.299056
3 1.75 1.75 12 7 7 9999
3.25 1.75 1.75 13 7 7 9999
0 2 1.75 0 8 7 0.606319
0.25 2 1.75 1 8 7 0.369971
0.5 2 1.75 2 8 7 0.152282
0.75 2 1.75 3 8 7 -0.0589301
1 2 1.75 4 8 7 -0.24323
1.25 2 1.75 5 8 7 -0.38364
1.5 2 1.75 6 8 7 -0.435906
1.75 2 1.75 7 8 7 -0.38364
2 2 1.75 8 8 7 -0.243229
2.25 2 1.75 9 8 7 -0.0589308
2.5 2 1.75 10 8 7 0.152281
2.75 2 1.75 11 8 7 0.36997
3 2 1.75 12 8 7 9999
3.25 2 1.75 13 8 7 9999
0 2.25 1.75 0 9 7 0.700448
0.25 2.25 1.75 1 9 7 0.482598
0.5 2.25 1.75 2 9 7 0.279475
0.75 2.25 1.75 3 9 7 0.0941855
1 2.25 1.75 4 9 7 -0.0591667
1.25 2.25 1.75 5 9 7 -0.166901
1.5 2.25 1.75 6 9 7 -0.204825
1.75 2.25 1.75 7 9 7 -0.166901
2 2.25 1.75 8 9 7 -0.0591669
2.25 2.25 1.75 9 9 7 0.094185
2.5 2.25 1.75 10 9 7 0.279475
2.75 2.25 1.75 11 9 7 0.482598
3 2.25 1.75 12 9 7 9999
3.25 2.25 1.75 13 9 7 9999
0 2.5 1.75 0 10 7 0.820838
0.25 2.5 1.75 1 10 7 0.624608
0.5 2.5 1.75 2 10 7 0.438107
0.75 2.5 1.75 3 10 7 0.281049
1 2.5 1.75 4 10 7 0.151315
1.25 2.5 1.75 5 10 7 0.0643864
1.5 2.5 1.75 6 10 7 0.0343267
1.75 2.5 1.75 7 10 7 0.0643864
2 2.5 1.75 8 10 7 0.151269
2.25 2.5 1.75 9 10 7 0.281049
2.5 2.5 1.75 10 10 7 0.438107
2.75 2.5 1.75 11 10 7 0.624608
3 2.5 1.75 12 10 7 9999
3.25 2.5 1.75 13 10 7 9999
0 2.75 1.75 0 11 7 0.9739
0.25 2.75 1.75 1 11 7 0.785467
0.5 2.75 1.75 2 11 7 0.62623
0.75 2.75 1.75 3 11 7 0.481162
1 2.75 1.75 4 11 7 0.371512
1.25 2.75 1.75 5 11 7 0.303622
1.5 2.75 1.75 6 11 7 0.274758
1.75 2.75 1.75 7 11 7 0.303622
2 2.75 1.75 8 11 7 0.371512
2.25 2.75 1.75 9 11 7 0.481162
2.5 2.75 1.75 10 11 7 0.62623
2.75 2.75 1.75 11 11 7 0.785467
3 2.75 1.75 12 11 7 9999
3.25 2.75 1.75 13 11 7 9999
0 3 1.75 0 12 7 9999
0.25 3 1.75 1 12 7 9999
0.5 3 1.75 2 12 7 9999
0.75 3 1.75 3 12 7 9999
1 3 1.75 4 12 7 9999
1.25 3 1.75 5 12 7 9999
1.5 3 1.75 6 12 7 9999
1.75 3 1.75 7 12 7 9999
2 3 1.75 8 12 7 9999
2.25 3 1.75 9 12 7 9999
2.5 3 1.75 10 12 7 9999
2.75 3 1.75 11 12 7 9999
3 3 1.75 12 12 7 9999
3.25 3 1.75 13 12 7 9999
0 3.25 1.75 0 13 7 9999
0.25 3.25 1.75 1 13 7 9999
0.5 3.25 1.75 2 13 7 9999
0.75 3.25 1.75 3 13 7 9999
1 3.25 1.75 4 13 7 9999
1.25 3.25 1.75 5 13 7 9999
1.5 3.25 1.75 6 13 7 9999
1.75 3.25 1.75 7 13 7 9999
2 3.25 1.75 8 13 7 9999
2.25 3.25 1.75 9 13 7 9999
2.5 3.25 1.75 10 13 7 9999
2.75 3.25 1.75 11 13 7 9999
3 3.25 1.75 12 13 7 9999
3.25 3.25 1.75 13 13 7 9999
0 0 2 0 0 8 1.18218
0.25 0 2 1 0 8 1.01852
0.5 0 2 2 0 8 0.875126
0.75 0 2 3 0 8 0.752608
1 0 2 4 0 8 0.661025
1.25 0 2 5 0 8 0.602982
1.5 0 2 6 0 8 0.585368
1.75 0 2 7 0 8 0.602982
2 0 2 8 0 8 0.661025
2.25 0 2 9 0 8 0.752677
2.5 0 2 10 0 8 0.875126
2.75 0 2 11 0 8 1.01848
3 0 2 12 0 8 9999
3.25 0 2 13 0 8 9999
0 0.25 2 0 1 8 1.02257
0.25 0.25 2 1 1 8 0.838708
0.5 0.25 2 2 1 8 0.682189
0.75 0.25 2 3 1 8 0.542916
1 0.25 2 4 1 8 0.440544
1.25 0.25 2 5 1 8 0.37152
1.5 0.25 2 6 1 8 0.346579
1.75 0.25 2 7 1 8 0.37152
2 0.25 2 8 1 8 0.440544
2.25 0.25 2 9 1 8 0.542916
2.5 0.25 2 10 1 8 0.682189
2.75 0.25 2 11 1 8 0.838708
3 0.25 2 12 1 8 9999
3.25 0.25 2 13 1 8 9999
0 0.5 2 0 2 8 0.874448
0.25 0.5 2 1 2 8 0.680027
0.5 0.5 2 2 2 8 0.505857
0.75 0.5 2 3 2 8 0.349661
1 0.5 2 4 2 8 0.226409
1.25 0.5 2 5 2 8 0.151269
1.5 0.5 2 6 2 8 0.122434
1.75 0.5 2 7 2 8 0.151269
2 0.5 2 8 2 8 0.226409
2.25 0.5 2 9 2 8 0.349661
2.5 0.5 2 10 2 8 0.505856
2.75 0.5 2 11 2 8 0.680026
3 0.5 2 12 2 8 9999
3.25 0.5 2 13 2 8 9999
0 0.75 2 0 3 8 0.756184
0.25 0.75 2 1 3 8 0.545845
0.5 0.75 2 2 3 8 0.349274
0.75 0.75 2 3 3 8 0.177394
1 0.75 2 4 3 8 0.0331567
1.25 0.75 2 5 3 8 -0.0590915
1.5 0.75 2 6 3 8 -0.0980393
1.75 0.75 2 7 3 8 -0.0590916
2 0.75 2 8 3 8 0.0331567
2.25 0.75 2 9 3 8 0.177394
2.5 0.75 2 10 3 8 0.349274
2.75 0.75 2 11 3 8 0.545844
3 0.75 2 12 3 8 9999
3.25 0.75 2 13 3 8 9999
0 1 2 0 4 8 0.666816
0.25 1 2 1 4 8 0.43849
0.5 1 2 2 4 8 0.230069
0.75 1 2 3 4 8 0.0354787
1 1 2 4 4 8 -0.131008
1.25 1 2 5 4 8 -0.243228
1.5 1 2 6 4 8 -0.290651
1.75 1 2 7 4 8 -0.243229
2 1 2 8 4 8 -0.131008
2.25 1 2 9 4 8 0.0354787
2.5 1 2 10 4 8 0.230069
2.75 1 2 11 4 8 0.438489
3 1 2 12 4 8 9999
3.25 1 2 13 4 8 9999
0 1.25 2 0 5 8 0.60698
0.25 1.25 2 1 5 8 0.369873
0.5 1.25 2 2 5 8 0.151386
0.75 1.25 2 3 5 8 -0.0596861
1 1.25 2 4 5 8 -0.244869
1.25 1.25 2 5 5 8 -0.380691
1.5 1.25 2 6 5 8 -0.434738
1.75 1.25 2 7 5 8 -0.380691
2 1.25 2 8 5 8 -0.24487
2.25 1.25 2 9 5 8 -0.0596862
2.5 1.25 2 10 5 8 0.151386
2.75 1.25 2 11 5 8 0.369873
3 1.25 2 12 5 8 9999
3.25 1.25 2 13 5 8 9999
0 1.5 2 0 6 8 0.585368
0.25 1.5 2 1 6 8 0.346579
0.5 1.5 2 2 6 8 0.122434
0.75 1.5 2 3 6 8 -0.0975781
1 1.5 2 4 6 8 -0.290093
1.25 1.5 2 5 6 8 -0.434294
1.5 1.5 2 6 6 8 -0.495219
1.75 1.5 2 7 6 8 -0.434294
2 1.5 2 8 6 8 -0.290093
2.25 1.5 2 9 6 8 -0.0975817
2.5 1.5 2 10 6 8 0.122434
2.75 1.5 2 11 6 8 0.346579
3 1.5 2 12 6 8 9999
3.25 1.5 2 13 6 8 9999
0 1.75 2 0 7 8 0.606964
0.25 1.75 2 1 7 8 0.369873
0.5 1.75 2 2 7 8 0.151386
0.75 1.75 2 3 7 8 -0.0596861
1 1.75 2 4 7 8 -0.244869
1.25 1.75 2 5 7 8 -0.380691
1.5 1.75 2 6 7 8 -0.434738
1.75 1.75 2 7 7 8 -0.380691
2 1.75 2 8 7 8 -0.24487
2.25 1.75 2 9 7 8 -0.0596862
2.5 1.75 2 10 7 8 0.151386
2.75 1.75 2 11 7 8 0.369873
3 1.75 2 12 7 8 9999
3.25 1.75 2 13 7 8 9999
0 2 2 0 8 8 0.666816
0.25 2 2 1 8 8 0.43849
0.5 2 2 2 8 8 0.230069
0.75 2 2 3 8 8 0.0354786
1 2 2 4 8 8 -0.131008
1.25 2 2 5 8 8 -0.243229
1.5 2 2 6 8 8 -0.290642
1.75 2 2 7 8 8 -0.243229
2 2 2 8 8 8 -0.131008
2.25 2 2 9 8 8 0.0354787
2.5 2 2 10 8 8 0.230069
2.75 2 2 11 8 8 0.438489
3 2 2 12 8 8 9999
3.25 2 2 13 8 8 9999
0 2.25 2 0 9 8 0.756184
0.25 2.25 2 1 9 8 0.545845
0.5 2.25 2 2 9 8 0.349274
0.75 2.25 2 3 9 8 0.177394
1 2.25 2 4 9 8 0.0331565
1.25 2.25 2 5 9 8 -0.0591667
1.5 2.25 2 6 9 8 -0.0979407
1.75 2.25 2 7 9 8 -0.0590916
2 2.25 2 8 9 8 0.0331565
2.25 2.25 2 9 9 8 0.177394
2.5 2.25 2 10 9 8 0.349274
2.75 2.25 2 11 9 8 0.545844
3 2.25 2 12 9 8 9999
3.25 2.25 2 13 9 8 9999
0 2.5 2 0 10 8 0.874448
0.25 2.5 2 1 10 8 0.680027
0.5 2.5 2 2 10 8 0.505857
0.75 2.5 2 3 10 8 0.349661
1 2.5 2 4 10 8 0.226409
1.25 2.5 2 5 10 8 0.151269
1.5 2.5 2 6 10 8 0.122434
1.75 2.5 2 7 10 8 0.151269
2 2.5 2 8 10 8 0.226409
2.25 2.5 2 9 10 8 0.349661
2.5 2.5 2 10 10 8 0.505856
2.75 2.5 2 11 10 8 0.680026
3 2.5 2 12 10 8 9999
3.25 2.5 2 13 10 8 9999
0 2.75 2 0 11 8 1.02254
0.25 2.75 2 1 11 8 0.838708
0.5 2.75 2 2 11 8 0.682189
0.75 2.75 2 3 11 8 0.542912
1 2.75 2 4 11 8 0.440544
1.25 2.75 2 5 11 8 0.371512
1.5 2.75 2 6 11 8 0.346579
1.75 2.75 2 7 11 8 0.371512
2 2.75 2 8 11 8 0.440544
2.25 2.75 2 9 11 8 0.542916
2.5 2.75 2 10 11 8 0.682189
2.75 2.75 2 11 11 8 0.838708
3 2.75 2 12 11 8 9999
3.25 2.75 2 13 11 8 9999
0 3 2 0 12 8 9999
0.25 3 2 1 12 8 9999
0.5 3 2 2 12 8 9999
0.75 3 2 3 12 8 9999
1 3 2 4 12 8 9999
1.25 3 2 5 12 8 9999
1.5 3 2 6 12 8 9999
1.75 3 2 7 12 8 9999
2 3 2 8 12 8 9999
2.25 3 2 9 12 8 9999
2.5 3 2 10 12 8 9999
2.75 3 2 11 12 8 9999
3 3 2 12 12 8 9999
3.25 3 2 13 12 8 9999
0 3.25 2 0 13 8 9999
0.25 3.25 2 1 13 8 9999
0.5 3.25 2 2 13 8 9999
0.75 3.25 2 3 13 8 9999
1 3.25 2 4 13 8 9999
1.25 3.25 2 5 13 8 9999
1.5 3.25 2 6 13 8 9999
1.75 3.25 2 7 13 8 9999
2 3.25 2 8 13 8 9999
2.25 3.25 2 9 13 8 9999
2.5 3.25 2 10 13 8 9999
2.75 3.25 2 11 13 8 9999
3 3.25 2 12 13 8 9999
3.25 3.25 2 13 13 8 9999
0 0 2.25 0 0 9 1.25494
0.25 0 2.25 1 0 9 1.09296
0.5 0 2.25 2 0 9 0.958528
0.75 0 2.25 3 0 9 0.837883
1 0 2.25 4 0 9 0.752677
1.25 0 2.25 5 0 9 0.701277
1.5 0 2.25 6 0 9 0.681244
1.75 0 2.25 7 0 9 0.701277
2 0 2.25 8 0 9 0.752677
2.25 0 2.25 9 0 9 0.837883
2.5 0 2.25 10 0 9 0.958528
2.75 0 2.25 11 0 9 1.09296
3 0 2.25 12 0 9 9999
3.25 0 2.25 13 0 9 9999
0 0.25 2.25 0 1 9 1.0968
0.25 0.25 2.25 1 1 9 0.926036
0.5 0.25 2.25 2 1 9 0.769331
0.75 0.25 2.25 3 1 9 0.643954
1 0.25 2.25 4 1 9 0.542916
1.25 0.25 2.25 5 1 9 0.481162
1.5 0.25 2.25 6 1 9 0.460764
1.75 0.25 2.25 7 1 9 0.481162
2 0.25 2.25 8 1 9 0.542916
2.25 0.25 2.25 9 1 9 0.643954
2.5 0.25 2.25 10 1 9 0.769331
2.75 0.25 2.25 11 1 9 0.926036
3 0.25 2.25 12 1 9 9999
3.25 0.25 2.25 13 1 9 9999
0 0.5 2.25 0 2 9 0.958258
0.25 0.5 2.25 1 2 9 0.769746
0.5 0.5 2.25 2 2 9 0.607461
0.75 0.5 2.25 3 2 9 0.459115
1 0.5 2.25 4 2 9 0.349661
1.25 0.5 2.25 5 2 9 0.281049
1.5 0.5 2.25 6 2 9 0.25362
1.75 0.5 2.25 7 2 9 0.281049
2 0.5 2.25 8 2 9 0.349661
2.25 0.5 2.25 9 2 9 0.459115
2.5 0.5 2.25 10 2 9 0.607461
2.75 0.5 2.25 11 2 9 0.769802
3 0.5 2.25 12 2 9 9999
3.25 0.5 2.25 13 2 9 9999
0 0.75 2.25 0 3 9 0.841409
0.25 0.75 2.25 1 3 9 0.646175
0.5 0.75 2.25 2 3 9 0.463295
0.75 0.75 2.25 3 3 9 0.300551
1 0.75 2.25 4 3 9 0.177394
1.25 0.75 2.25 5 3 9 0.0941851
1.5 0.75 2.25 6 3 9 0.0606598
1.75 0.75 2.25 7 3 9 0.0941851
2 0.75 2.25 8 3 9 0.177394
2.25 0.75 2.25 9 3 9 0.300551
2.5 0.75 2.25 10 3 9 0.463295
2.75 0.75 2.25 11 3 9 0.646175
3 0.75 2.25 12 3 9 9999
3.25 0.75 2.25 13 3 9 9999
0 1 2.25 0 4 9 0.758601
0.25 1 2.25 1 4 9 0.547529
0.5 1 2.25 2 4 9 0.349644
0.75 1 2.25 3 4 9 0.175933
1 1 2.25 4 4 9 0.0354787
1.25 1 2.25 5 4 9 -0.0589307
1.5 1 2.25 6 4 9 -0.0976779
1.75 1 2.25 7 4 9 -0.0589307
2 1 2.25 8 4 9 0.0354787
2.25 1 2.25 9 4 9 0.175932
2.5 1 2.25 10 4 9 0.349644
2.75 1 2.25 11 4 9 0.547529
3 1 2.25 12 4 9 9999
3.25 1 2.25 13 4 9 9999
0 1.25 2.25 0 5 9 0.702383
0.25 1.25 2.25 1 5 9 0.483018
0.5 1.25 2.25 2 5 9 0.278215
0.75 1.25 2.25 3 5 9 0.0923749
1 1.25 2.25 4 5 9 -0.0596862
1.25 1.25 2.25 5 5 9 -0.161989
1.5 1.25 2.25 6 5 9 -0.204004
1.75 1.25 2.25 7 5 9 -0.161989
2 1.25 2.25 8 5 9 -0.0596862
2.25 1.25 2.25 9 5 9 0.0923749
2.5 1.25 2.25 10 5 9 0.278215
2.75 1.25 2.25 11 5 9 0.483018
3 1.25 2.25 12 5 9 9999
3.25 1.25 2.25 13 5 9 9999
0 1.5 2.25 0 6 9 0.681244
0.25 1.5 2.25 1 6 9 0.460764
0.5 1.5 2.25 2 6 9 0.25362
0.75 1.5 2.25 3 6 9 0.0606598
1 1.5 2.25 4 6 9 -0.097578
1.25 1.5 2.25 5 6 9 -0.203932
1.5 1.5 2.25 6 6 9 -0.24761
1.75 1.5 2.25 7 6 9 -0.203932
2 1.5 2.25 8 6 9 -0.0975781
2.25 1.5 2.25 9 6 9 0.0606598
2.5 1.5 2.25 10 6 9 0.25362
2.75 1.5 2.25 11 6 9 0.460764
3 1.5 2.25 12 6 9 9999
3.25 1.5 2.25 13 6 9 9999
0 1.75 2.25 0 7 9 0.702383
0.25 1.75 2.25 1 7 9 0.483018
0.5 1.75 2.25 2 7 9 0.278216
0.75 1.75 2.25 3 7 9 0.092375
1 1.75 2.25 4 7 9 -0.0596862
1.25 1.75 2.25 5 7 9 -0.161989
1.5 1.75 2.25 6 7 9 -0.204004
1.75 1.75 2.25 7 7 9 -0.161989
2 1.75 2.25 8 7 9 -0.0596862
2.25 1.75 2.25 9 7 9 0.0923749
2.5 1.75 2.25 10 7 9 0.278215
2.75 1.75 2.25 11 7 9 0.483018
3 1.75 2.25 12 7 9 9999
3.25 1.75 2.25 13 7 9 9999
0 2 2.25 0 8 9 0.758601
0.25 2 2.25 1 8 9 0.547529
0.5 2 2.25 2 8 9 0.349644
0.75 2 2.25 3 8 9 0.175933
1 2 2.25 4 8 9 0.0354787
1.25 2 2.25 5 8 9 -0.0589307
1.5 2 2.25 6 8 9 -0.0976779
1.75 2 2.25 7 8 9 -0.0589308
2 2 2.25 8 8 9 0.0354787
2.25 2 2.25 9 8 9 0.175932
2.5 2 2.25 10 8 9 0.349644
2.75 2 2.25 11 8 9 0.547529
3 2 2.25 12 8 9 9999
3.25 2 2.25 13 8 9 9999
0 2.25 2.25 0 9 9 0.841409
0.25 2.25 2.25 1 9 9 0.646175
0.5 2.25 2.25 2 9 9 0.463295
0.75 2.25 2.25 3 9 9 0.300551
1 2.25 2.25 4 9 9 0.177394
1.25 2.25 2.25 5 9 9 0.094185
1.5 2.25 2.25 6 9 9 0.0606598
1.75 2.25 2.25 7 9 9 0.094185
2 2.25 2.25 8 9 9 0.177394
2.25 2.25 2.25 9 9 9 0.300551
2.5 2.25 2.25 10 9 9 0.463295
2.75 2.25 2.25 11 9 9 0.646175
3 2.25 2.25 12 9 9 9999
3.25 2.25 2.25 13 9 9 9999
0 2.5 2.25 0 10 9 0.958237
0.25 2.5 2.25 1 10 9 0.769746
0.5 2.5 2.25 2 10 9 0.607461
0.75 2.5 2.25 3 10 9 0.459115
1 2.5 2.25 4 10 9 0.349661
1.25 2.5 2.25 5 10 9 0.281049
1.5 2.5 2.25 6 10 9 0.25362
1.75 2.5 2.25 7 10 9 0.281049
2 2.5 2.25 8 10 9 0.34966
2.25 2.5 2.25 9 10 9 0.459115
2.5 2.5 2.25 10 10 9 0.607461
2.75 2.5 2.25 11 10 9 0.769802
3 2.5 2.25 12 10 9 9999
3.25 2.5 2.25 13 10 9 9999
0 2.75 2.25 0 11 9 1.0968
0.25 2.75 2.25 1 11 9 0.926036
0.5 2.75 2.25 2 11 9 0.769331
0.75 2.75 2.25 3 11 9 0.643954
1 2.75 2.25 4 11 9 0.542913
1.25 2.75 2.25 5 11 9 0.481162
1.5 2.75 2.25 6 11 9 0.460764
1.75 2.75 2.25 7 11 9 0.481162
2 2.75 2.25 8 11 9 0.542916
2.25 2.75 2.25 9 11 9 0.643954
2.5 2.75 2.25 10 11 9 0.769331
2.75 2.75 2.25 11 11 9 0.926036
3 2.75 2.25 12 11 9 9999
3.25 2.75 2.25 13 11 9 9999
0 3 2.25 0 12 9 9999
0.25 3 2.25 1 12 9 9999
0.5 3 2.25 2 12 9 9999
0.75 3 2.25 3 12 9 9999
1 3 2.25 4 12 9 9999
1.25 3 2.25 5 12 9 9999
1.5 3 2.25 6 12 9 9999
1.75 3 2.25 7 12 9 9999
2 3 2.25 8 12 9 9999
2.25 3 2.25 9 12 9 9999
2.5 3 2.25 10 12 9 9999
2.75 3 2.25 11 12 9 9999
3 3 2.25 12 12 9 9999
3.25 3 2.25 13 12 9 9999
0 3.25 2.25 0 13 9 9999
0.25 3.25 2.25 1 13 9 9999
0.5 3.25 2.25 2 13 9 9999
0.75 3.25 2.25 3 13 9 9999
1 3.25 2.25 4 13 9 9999
1.25 3.25 2.25 5 13 9 9999
1.5 3.25 2.25 6 13 9 9999
1.75 3.25 2.25 7 13 9 9999
2 3.25 2.25 8 13 9 9999
2.25 3.25 2.25 9 13 9 9999
2.5 3.25 2.25 10 13 9 9999
2.75 3.25 2.25 11 13 9 9999
3 3.25 2.25 12 13 9 9999
3.25 3.25 2.25 13 13 9 9999
0 0 2.5 0 0 10 1.34997
0.25 0 2.5 1 0 10 1.19717
0.5 0 2.5 2 0 10 1.06239
0.75 0 2.5 3 0 10 0.958529
1 0 2.5 4 0 10 0.875126
1.25 0 2.5 5 0 10 0.821033
1.5 0 2.5 6 0 10 0.802777
1.75 0 2.5 7 0 10 0.821041
2 0 2.5 8 0 10 0.875126
2.25 0 2.5 9 0 10 0.958564
2.5 0 2.5 10 0 10 1.06239
2.75 0 2.5 11 0 10 1.19717
3 0 2.5 12 0 10 9999
3.25 0 2.5 13 0 10 9999
0 0.25 2.5 0 1 10 1.19401
0.25 0.25 2.5 1 1 10 1.03811
0.5 0.25 2.5 2 1 10 0.891009
0.75 0.25 2.5 3 1 10 0.769331
1 0.25 2.5 4 1 10 0.682189
1.25 0.25 2.5 5 1 10 0.62623
1.5 0.25 2.5 6 1 10 0.605471
1.75 0.25 2.5 7 1 10 0.62623
2 0.25 2.5 8 1 10 0.682189
2.25 0.25 2.5 9 1 10 0.769331
2.5 0.25 2.5 10 1 10 0.891009
2.75 0.25 2.5 11 1 10 1.03811
3 0.25 2.5 12 1 10 9999
3.25 0.25 2.5 13 1 10 9999
0 0.5 2.5 0 2 10 1.06612
0.25 0.5 2.5 1 2 10 0.891819
0.5 0.5 2.5 2 2 10 0.732877
0.75 0.5 2.5 3 2 10 0.607461
1 0.5 2.5 4 2 10 0.505856
1.25 0.5 2.5 5 2 10 0.438107
1.5 0.5 2.5 6 2 10 0.414213
1.75 0.5 2.5 7 2 10 0.438107
2 0.5 2.5 8 2 10 0.505944
2.25 0.5 2.5 9 2 10 0.607461
2.5 0.5 2.5 10 2 10 0.732877
2.75 0.5 2.5 11 2 10 0.891819
3 0.5 2.5 12 2 10 9999
3.25 0.5 2.5 13 2 10 9999
0 0.75 2.5 0 3 10 0.952566
0.25 0.75 2.5 1 3 10 0.773932
0.5 0.75 2.5 2 3 10 0.605588
0.75 0.75 2.5 3 3 10 0.463304
1 0.75 2.5 4 3 10 0.349274
1.25 0.75 2.5 5 3 10 0.279475
1.5 0.75 2.5 6 3 10 0.253621
1.75 0.75 2.5 7 3 10 0.279475
2 0.75 2.5 8 3 10 0.349274
2.25 0.75 2.5 9 3 10 0.463295
2.5 0.75 2.5 10 3 10 0.605587
2.75 0.75 2.5 11 3 10 0.773932
3 0.75 2.5 12 3 10 9999
3.25 0.75 2.5 13 3 10 9999
0 1 2.5 0 4 10 0.875108
0.25 1 2.5 1 4 10 0.686061
0.5 1 2.5 2 4 10 0.503276
0.75 1 2.5 3 4 10 0.349644
1 1 2.5 4 4 10 0.230069
1.25 1 2.5 5 4 10 0.152281
1.5 1 2.5 6 4 10 0.122435
1.75 1 2.5 7 4 10 0.15235
2 1 2.5 8 4 10 0.230069
2.25 1 2.5 9 4 10 0.349644
2.5 1 2.5 10 4 10 0.503275
2.75 1 2.5 11 4 10 0.686061
3 1 2.5 12 4 10 9999
3.25 1 2.5 13 4 10 9999
0 1.25 2.5 0 5 10 0.823416
0.25 1.25 2.5 1 5 10 0.627003
0.5 1.25 2.5 2 5 10 0.436892
0.75 1.25 2.5 3 5 10 0.278215
1 1.25 2.5 4 5 10 0.151386
1.25 1.25 2.5 5 5 10 0.0670371
1.5 1.25 2.5 6 5 10 0.034327
1.75 1.25 2.5 7 5 10 0.067037
2 1.25 2.5 8 5 10 0.151386
2.25 1.25 2.5 9 5 10 0.278215
2.5 1.25 2.5 10 5 10 0.436892
2.75 1.25 2.5 11 5 10 0.627003
3 1.25 2.5 12 5 10 9999
3.25 1.25 2.5 13 5 10 9999
0 1.5 2.5 0 6 10 0.802777
0.25 1.5 2.5 1 6 10 0.605471
0.5 1.5 2.5 2 6 10 0.414213
0.75 1.5 2.5 3 6 10 0.253621
1 1.5 2.5 4 6 10 0.122434
1.25 1.5 2.5 5 6 10 0.0343261
1.5 1.5 2.5 6 6 10 3.72529e-09
1.75 1.5 2.5 7 6 10 0.0343261
2 1.5 2.5 8 6 10 0.122435
2.25 1.5 2.5 9 6 10 0.25362
2.5 1.5 2.5 10 6 10 0.414213
2.75 1.5 2.5 11 6 10 0.605471
3 1.5 2.5 12 6 10 9999
3.25 1.5 2.5 13 6 10 9999
0 1.75 2.5 0 7 10 0.823416
0.25 1.75 2.5 1 7 10 0.626971
0.5 1.75 2.5 2 7 10 0.436892
0.75 1.75 2.5 3 7 10 0.278215
1 1.75 2.5 4 7 10 0.151386
1.25 1.75 2.5 5 7 10 0.0670371
1.5 1.75 2.5 6 7 10 0.0343269
1.75 1.75 2.5 7 7 10 0.067037
2 1.75 2.5 8 7 10 0.151386
2.25 1.75 2.5 9 7 10 0.278215
2.5 1.75 2.5 10 7 10 0.436892
2.75 1.75 2.5 11 7 10 0.626971
3 1.75 2.5 12 7 10 9999
3.25 1.75 2.5 13 7 10 9999
0 2 2.5 0 8 10 0.875108
0.25 2 2.5 1 8 10 0.686099
0.5 2 2.5 2 8 10 0.503276
0.75 2 2.5 3 8 10 0.349644
1 2 2.5 4 8 10 0.230069
1.25 2 2.5 5 8 10 0.152281
1.5 2 2.5 6 8 10 0.122435
1.75 2 2.5 7 8 10 0.152281
2 2 2.5 8 8 10 0.230069
2.25 2 2.5 9 8 10 0.349644
2.5 2 2.5 10 8 10 0.503275
2.75 2 2.5 11 8 10 0.686061
3 2 2.5 12 8 10 9999
3.25 2 2.5 13 8 10 9999
0 2.25 2.5 0 9 10 0.952566
0.25 2.25 2.5 1 9 10 0.773944
0.5 2.25 2.5 2 9 10 0.605588
0.75 2.25 2.5 3 9 10 0.463295
1 2.25 2.5 4 9 10 0.349274
1.25 2.25 2.5 5 9 10 0.279475
1.5 2.25 2.5 6 9 10 0.25362
1.75 2.25 2.5 7 9 10 0.279475
2 2.25 2.5 8 9 10 0.349274
2.25 2.25 2.5 9 9 10 0.463295
2.5 2.25 2.5 10 9 10 0.605587
2.75 2.25 2.5 11 9 10 0.773944
3 2.25 2.5 12 9 10 9999
3.25 2.25 2.5 13 9 10 9999
0 2.5 2.5 0 10 10 1.06612
0.25 2.5 2.5 1 10 10 0.891819
0.5 2.5 2.5 2 10 10 0.732877
0.75 2.5 2.5 3 10 10 0.607461
1 2.5 2.5 4 10 10 0.505856
1.25 2.5 2.5 5 10 10 0.438107
1.5 2.5 2.5 6 10 10 0.414213
1.75 2.5 2.5 7 10 10 0.438107
2 2.5 2.5 8 10 10 0.505856
2.25 2.5 2.5 9 10 10 0.607461
2.5 2.5 2.5 10 10 10 0.732877
2.75 2.5 2.5 11 10 10 0.891819
3 2.5 2.5 12 10 10 9999
3.25 2.5 2.5 13 10 10 9999
0 2.75 2.5 0 11 10 1.19401
0.25 2.75 2.5 1 11 10 1.03811
0.5 2.75 2.5 2 11 10 0.891009
0.75 2.75 2.5 3 11 10 0.769331
1 2.75 2.5 4 11 10 0.682189
1.25 2.75 2.5 5 11 10 0.626132
1.5 2.75 2.5 6 11 10 0.605471
1.75 2.75 2.5 7 11 10 0.62623
2 2.75 2.5 8 11 10 0.682189
2.25 2.75 2.5 9 11 10 0.769331
2.5 2.75 2.5 10 11 10 0.891009
2.75 2.75 2.5 11 11 10 1.03811
3 2.75 2.5 12 11 10 9999
3.25 2.75 2.5 13 11 10 9999
0 3 2.5 0 12 10 9999
0.25 3 2.5 1 12 10 9999
0.5 3 2.5 2 12 10 9999
0.75 3 2.5 3 12 10 9999
1 3 2.5 4 12 10 9999
1.25 3 2.5 5 12 10 9999
1.5 3 2.5 6 12 10 9999
1.75 3 2.5 7 12 10 9999
2 3 2.5 8 12 10 9999
2.25 3 2.5 9 12 10 9999
2.5 3 2.5 10 12 10 9999
2.75 3 2.5 11 12 10 9999
3 3 2.5 12 12 10 9999
3.25 3 2.5 13 12 10 9999
0 3.25 2.5 0 13 10 9999
0.25 3.25 2.5 1 13 10 9999
0.5 3.25 2.5 2 13 10 9999
0.75 3.25 2.5 3 13 10 9999
1 3.25 2.5 4 13 10 9999
1.25 3.25 2.5 5 13 10 9999
1.5 3.25 2.5 6 13 10 9999
1.75 3.25 2.5 7 13 10 9999
2 3.25 2.5 8 13 10 9999
2.25 3.25 2.5 9 13 10 9999
2.5 3.25 2.5 10 13 10 9999
2.75 3.25 2.5 11 13 10 9999
3 3.25 2.5 12 13 10 9999
3.25 3.25 2.5 13 13 10 9999
0 0 2.75 0 0 11 1.46877
0.25 0 2.75 1 0 11 1.32291
0.5 0 2.75 2 0 11 1.19717
0.75 0 2.75 3 0 11 1.09296
1 0 2.75 4 0 11 1.01848
1.25 0 2.75 5 0 11 0.973027
1.5 0 2.75 6 0 11 0.957322
1.75 0 2.75 7 0 11 0.973027
2 0 2.75 8 0 11 1.01852
2.25 0 2.75 9 0 11 1.09296
2.5 0 2.75 10 0 11 1.19717
2.75 0 2.75 11 0 11 1.32291
3 0 2.75 12 0 11 9999
3.25 0 2.75 13 0 11 9999
0 0.25 2.75 0 1 11 1.3221
0.25 0.25 2.75 1 1 11 1.16571
0.5 0.25 2.75 2 1 11 1.03811
0.75 0.25 2.75 3 1 11 0.926036
1 0.25 2.75 4 1 11 0.838708
1.25 0.25 2.75 5 1 11 0.785467
1.5 0.25 2.75 6 1 11 0.767767
1.75 0.25 2.75 7 1 11 0.785467
2 0.25 2.75 8 1 11 0.838708
2.25 0.25 2.75 9 1 11 0.926036
2.5 0.25 2.75 10 1 11 1.03811
2.75 0.25 2.75 11 1 11 1.16571
3 0.25 2.75 12 1 11 9999
3.25 0.25 2.75 13 1 11 9999
0 0.5 2.75 0 2 11 1.20198
0.25 0.5 2.75 1 2 11 1.03524
0.5 0.5 2.75 2 2 11 0.891819
0.75 0.5 2.75 3 2 11 0.769802
1 0.5 2.75 4 2 11 0.680026
1.25 0.5 2.75 5 2 11 0.624608
1.5 0.5 2.75 6 2 11 0.605471
1.75 0.5 2.75 7 2 11 0.624608
2 0.5 2.75 8 2 11 0.680026
2.25 0.5 2.75 9 2 11 0.769746
2.5 0.5 2.75 10 2 11 0.891819
2.75 0.5 2.75 11 2 11 1.03524
3 0.5 2.75 12 2 11 9999
3.25 0.5 2.75 13 2 11 9999
0 0.75 2.75 0 3 11 1.09643
0.25 0.75 2.75 1 3 11 0.920363
0.5 0.75 2.75 2 3 11 0.773932
0.75 0.75 2.75 3 3 11 0.646175
1 0.75 2.75 4 3 11 0.545844
1.25 0.75 2.75 5 3 11 0.482598
1.5 0.75 2.75 6 3 11 0.460764
1.75 0.75 2.75 7 3 11 0.482597
2 0.75 2.75 8 3 11 0.545844
2.25 0.75 2.75 9 3 11 0.646175
2.5 0.75 2.75 10 3 11 0.773932
2.75 0.75 2.75 11 3 11 0.920362
3 0.75 2.75 12 3 11 9999
3.25 0.75 2.75 13 3 11 9999
0 1 2.75 0 4 11 1.0229
0.25 1 2.75 1 4 11 0.841605
0.5 1 2.75 2 4 11 0.686061
0.75 1 2.75 3 4 11 0.547529
1 1 2.75 4 4 11 0.438489
1.25 1 2.75 5 4 11 0.36997
1.5 1 2.75 6 4 11 0.34658
1.75 1 2.75 7 4 11 0.36997
2 1 2.75 8 4 11 0.438489
2.25 1 2.75 9 4 11 0.547529
2.5 1 2.75 10 4 11 0.686061
2.75 1 2.75 11 4 11 0.841605
3 1 2.75 12 4 11 9999
3.25 1 2.75 13 4 11 9999
0 1.25 2.75 0 5 11 0.977144
0.25 1.25 2.75 1 5 11 0.788574
0.5 1.25 2.75 2 5 11 0.627003
0.75 1.25 2.75 3 5 11 0.483018
1 1.25 2.75 4 5 11 0.369873
1.25 1.25 2.75 5 5 11 0.299056
1.5 1.25 2.75 6 5 11 0.274758
1.75 1.25 2.75 7 5 11 0.299056
2 1.25 2.75 8 5 11 0.369873
2.25 1.25 2.75 9 5 11 0.483018
2.5 1.25 2.75 10 5 11 0.627003
2.75 1.25 2.75 11 5 11 0.788574
3 1.25 2.75 12 5 11 9999
3.25 1.25 2.75 13 5 11 9999
0 1.5 2.75 0 6 11 0.957322
0.25 1.5 2.75 1 6 11 0.767767
0.5 1.5 2.75 2 6 11 0.605471
0.75 1.5 2.75 3 6 11 0.460764
1 1.5 2.75 4 6 11 0.346579
1.25 1.5 2.75 5 6 11 0.274757
1.5 1.5 2.75 6 6 11 0.25
1.75 1.5 2.75 7 6 11 0.274757
2 1.5 2.75 8 6 11 0.34658
2.25 1.5 2.75 9 6 11 0.460764
2.5 1.5 2.75 10 6 11 0.605471
2.75 1.5 2.75 11 6 11 0.767767
3 1.5 2.75 12 6 11 9999
3.25 1.5 2.75 13 6 11 9999
0 1.75 2.75 0 7 11 0.977144
0.25 1.75 2.75 1 7 11 0.788574
0.5 1.75 2.75 2 7 11 0.626971
0.75 1.75 2.75 3 7 11 0.483018
1 1.75 2.75 4 7 11 0.369873
1.25 1.75 2.75 5 7 11 0.299056
1.5 1.75 2.75 6 7 11 0.274758
1.75 1.75 2.75 7 7 11 0.299056
2 1.75 2.75 8 7 11 0.369873
2.25 1.75 2.75 9 7 11 0.483018
2.5 1.75 2.75 10 7 11 0.626971
2.75 1.75 2.75 11 7 11 0.788574
3 1.75 2.75 12 7 11 9999
3.25 1.75 2.75 13 7 11 9999
0 2 2.75 0 8 11 1.02294
0.25 2 2.75 1 8 11 0.841605
0.5 2 2.75 2 8 11 0.686061
0.75 2 2.75 3 8 11 0.547529
1 2 2.75 4 8 11 0.438489
1.25 2 2.75 5 8 11 0.36997
1.5 2 2.75 6 8 11 0.34658
1.75 2 2.75 7 8 11 0.36997
2 2 2.75 8 8 11 0.438489
2.25 2 2.75 9 8 11 0.547529
2.5 2 2.75 10 8 11 0.686099
2.75 2 2.75 11 8 11 0.841605
3 2 2.75 12 8 11 9999
3.25 2 2.75 13 8 11 9999
0 2.25 2.75 0 9 11 1.09643
0.25 2.25 2.75 1 9 11 0.920363
0.5 2.25 2.75 2 9 11 0.773944
0.75 2.25 2.75 3 9 11 0.646175
1 2.25 2.75 4 9 11 0.545844
1.25 2.25 2.75 5 9 11 0.482598
1.5 2.25 2.75 6 9 11 0.460764
1.75 2.25 2.75 7 9 11 0.482597
2 2.25 2.75 8 9 11 0.545844
2.25 2.25 2.75 9 9 11 0.646175
2.5 2.25 2.75 10 9 11 0.773944
2.75 2.25 2.75 11 9 11 0.920362
3 2.25 2.75 12 9 11 9999
3.25 2.25 2.75 13 9 11 9999
0 2.5 2.75 0 10 11 1.20198
0.25 2.5 2.75 1 10 11 1.03524
0.5 2.5 2.75 2 10 11 0.891819
0.75 2.5 2.75 3 10 11 0.769802
1 2.5 2.75 4 10 11 0.680026
1.25 2.5 2.75 5 10 11 0.624608
1.5 2.5 2.75 6 10 11 0.605471
1.75 2.5 2.75 7 10 11 0.624608
2 2.5 2.75 8 10 11 0.680026
2.25 2.5 2.75 9 10 11 0.769746
2.5 2.5 2.75 10 10 11 0.891819
2.75 2.5 2.75 11 10 11 1.03524
3 2.5 2.75 12 10 11 9999
3.25 2.5 2.75 13 10 11 9999
0 2.75 2.75 0 11 11 1.3221
0.25 2.75 2.75 1 11 11 1.16571
0.5 2.75 2.75 2 11 11 1.03811
0.75 2.75 2.75 3 11 11 0.926036
1 2.75 2.75 4 11 11 0.838708
1.25 2.75 2.75 5 11 11 0.785467
1.5 2.75 2.75 6 11 11 0.767767
1.75 2.75 2.75 7 11 11 0.785467
2 2.75 2.75 8 11 11 0.838708
2.25 2.75 2.75 9 11 11 0.926036
2.5 2.75 2.75 10 11 11 1.03811
2.75 2.75 2.75 11 11 11 1.16571
3 2.75 2.75 12 11 11 9999
3.25 2.75 2.75 13 11 11 9999
0 3 2.75 0 12 11 9999
0.25 3 2.75 1 12 11 9999
0.5 3 2.75 2 12 11 9999
0.75 3 2.75 3 12 11 9999
1 3 2.75 4 12 11 9999
1.25 3 2.75 5 12 11 9999
1.5 3 2.75 6 12 11 9999
1.75 3 2.75 7 12 11 9999
2 3 2.75 8 12 11 9999
2.25 3 2.75 9 12 11 9999
2.5 3 2.75 10 12 11 9999
2.75 3 2.75 11 12 11 9999
3 3 2.75 12 12 11 9999
3.25 3 2.75 13 12 11 9999
0 3.25 2.75 0 13 11 9999
0.25 3.25 2.75 1 13 11 9999
0.5 3.25 2.75 2 13 11 9999
0.75 3.25 2.75 3 13 11 9999
1 3.25 2.75 4 13 11 9999
1.25 3.25 2.75 5 13 11 9999
1.5 3.25 2.75 6 13 11 9999
1.75 3.25 2.75 7 13 11 9999
2 3.25 2.75 8 13 11 9999
2.25 3.25 2.75 9 13 11 9999
2.5 3.25 2.75 10 13 11 9999
2.75 3.25 2.75 11 13 11 9999
3 3.25 2.75 12 13 11 9999
3.25 3.25 2.75 13 13 11 9999
0 0 3 0 0 12 9999
0.25 0 3 1 0 12 9999
0.5 0 3 2 0 12 9999
0.75 0 3 3 0 12 9999
1 0 3 4 0 12 9999
1.25 0 3 5 0 12 9999
1.5 0 3 6 0 12 9999
1.75 0 3 7 0 12 9999
2 0 3 8 0 12 9999
2.25 0 3 9 0 12 9999
2.5 0 3 10 0 12 9999
2.75 0 3 11 0 12 9999
3 0 3 12 0 12 9999
3.25 0 3 13 0 12 9999
0 0.25 3 0 1 12 9999
0.25 0.25 3 1 1 12 9999
0.5 0.25 3 2 1 12 9999
0.75 0.25 3 3 1 12 9999
1 0.25 3 4 1 12 9999
1.25 0.25 3 5 1 12 9999
1.5 0.25 3 6 1 12 9999
1.75 0.25 3 7 1 12 9999
2 0.25 3 8 1 12 9999
2.25 0.25 3 9 1 12 9999
2.5 0.25 3 10 1 12 9999
2.75 0.25 3 11 1 12 9999
3 0.25 3 12 1 12 9999
3.25 0.25 3 13 1 12 9999
0 0.5 3 0 2 12 9999
0.25 0.5 3 1 2 12 9999
0.5 0.5 3 2 2 12 9999
0.75 0.5 3 3 2 12 9999
1 0.5 3 4 2 12 9999
1.25 0.5 3 5 2 12 9999
1.5 0.5 3 6 2 12 9999
1.75 0.5 3 7 2 12 9999
2 0.5 3 8 2 12 9999
2.25 0.5 3 9 2 12 9999
2.5 0.5 3 10 2 12 9999
2.75 0.5 3 11 2 12 9999
3 0.5 3 12 2 12 9999
3.25 0.5 3 13 2 12 9999
0 0.75 3 0 3 12 9999
0.25 0.75 3 1 3 12 9999
0.5 0.75 3 2 3 12 9999
0.75 0.75 3 3 3 12 9999
1 0.75 3 4 3 12 9999
1.25 0.75 3 5 3 12 9999
1.5 0.75 3 6 3 12 9999
1.75 0.75 3 7 3 12 9999
2 0.75 3 8 3 12 9999
2.25 0.75 3 9 3 12 9999
2.5 0.75 3 10 3 12 9999
2.75 0.75 3 11 3 12 9999
3 0.75 3 12 3 12 9999
3.25 0.75 3 13 3 12 9999
0 1 3 0 4 12 9999
0.25 1 3 1 4 12 9999
0.5 1 3 2 4 12 9999
0.75 1 3 3 4 12 9999
1 1 3 4 4 12 9999
1.25 1 3 5 4 12 9999
1.5 1 3 6 4 12 9999
1.75 1 3 7 4 12 9999
2 1 3 8 4 12 9999
2.25 1 3 9 4 12 9999
2.5 1 3 10 4 12 9999
2.75 1 3 11 4 12 9999
3 1 3 12 4 12 9999
3.25 1 3 13 4 12 9999
0 1.25 3 0 5 12 9999
0.25 1.25 3 1 5 12 9999
0.5 1.25 3 2 5 12 9999
0.75 1.25 3 3 5 12 9999
1 1.25 3 4 5 12 9999
1.25 1.25 3 5 5 12 9999
1.5 1.25 3 6 5 12 9999
1.75 1.25 3 7 5 12 9999
2 1.25 3 8 5 12 9999
2.25 1.25 3 9 5 12 9999
2.5 1.25 3 10 5 12 9999
2.75 1.25 3 11 5 12 9999
3 1.25 3 12 5 12 9999
3.25 1.25 3 13 5 12 9999
0 1.5 3 0 6 12 9999
0.25 1.5 3 1 6 12 9999
0.5 1.5 3 2 6 12 9999
0.75 1.5 3 3 6 12 9999
1 1.5 3 4 6 12 9999
1.25 1.5 3 5 6 12 9999
1.5 1.5 3 6 6 12 9999
1.75 1.5 3 7 6 12 9999
2 1.5 3 8 6 12 9999
2.25 1.5 3 9 6 12 9999
2.5 1.5 3 10 6 12 9999
2.75 1.5 3 11 6 12 9999
3 1.5 3 12 6 12 9999
3.25 1.5 3 13 6 12 9999
0 1.75 3 0 7 12 9999
0.25 1.75 3 1 7 12 9999
0.5 1.75 3 2 7 12 9999
0.75 1.75 3 3 7 12 9999
1 1.75 3 4 7 12 9999
1.25 1.75 3 5 7 12 9999
1.5 1.75 3 6 7 12 9999
1.75 1.75 3 7 7 12 9999
2 1.75 3 8 7 12 9999
2.25 1.75 3 9 7 12 9999
2.5 1.75 3 10 7 12 9999
2.75 1.75 3 11 7 12 9999
3 1.75 3 12 7 12 9999
3.25 1.75 3 13 7 12 9999
0 2 3 0 8 12 9999
0.25 2 3 1 8 12 9999
0.5 2 3 2 8 12 9999
0.75 2 3 3 8 12 9999
1 2 3 4 8 12 9999
1.25 2 3 5 8 12 9999
1.5 2 3 6 8 12 9999
1.75 2 3 7 8 12 9999
2 2 3 8 8 12 9999
2.25 2 3 9 8 12 9999
2.5 2 3 10 8 12 9999
2.75 2 3 11 8 12 9999
3 2 3 12 8 12 9999
3.25 2 3 13 8 12 9999
0 2.25 3 0 9 12 9999
0.25 2.25 3 1 9 12 9999
0.5 2.25 3 2 9 12 9999
0.75 2.25 3 3 9 12 9999
1 2.25 3 4 9 12 9999
1.25 2.25 3 5 9 12 9999
1.5 2.25 3 6 9 12 9999
1.75 2.25 3 7 9 12 9999
2 2.25 3 8 9 12 9999
2.25 2.25 3 9 9 12 9999
2.5 2.25 3 10 9 12 9999
2.75 2.25 3 11 9 12 9999
3 2.25 3 12 9 12 9999
3.25 2.25 3 13 9 12 9999
0 2.5 3 0 10 12 9999
0.25 2.5 3 1 10 12 9999
0.5 2.5 3 2 10 12 9999
0.75 2.5 3 3 10 12 9999
1 2.5 3 4 10 12 9999
1.25 2.5 3 5 10 12 9999
1.5 2.5 3 6 10 12 9999
1.75 2.5 3 7 10 12 9999
2 2.5 3 8 10 12 9999
2.25 2.5 3 9 10 12 9999
2.5 2.5 3 10 10 12 9999
2.75 2.5 3 11 10 12 9999
3 2.5 3 12 10 12 9999
3.25 2.5 3 13 10 12 9999
0 2.75 3 0 11 12 9999
0.25 2.75 3 1 11 12 9999
0.5 2.75 3 2 11 12 9999
0.75 2.75 3 3 11 12 9999
1 2.75 3 4 11 12 9999
1.25 2.75 3 5 11 12 9999
1.5 2.75 3 6 11 12 9999
1.75 2.75 3 7 11 12 9999
2 2.75 3 8 11 12 9999
2.25 2.75 3 9 11 12 9999
2.5 2.75 3 10 11 12 9999
2.75 2.75 3 11 11 12 9999
3 2.75 3 12 11 12 9999
3.25 2.75 3 13 11 12 9999
0 3 3 0 12 12 9999
0.25 3 3 1 12 12 9999
0.5 3 3 2 12 12 9999
0.75 3 3 3 12 12 9999
1 3 3 4 12 12 9999
1.25 3 3 5 12 12 9999
1.5 3 3 6 12 12 9999
1.75 3 3 7 12 12 9999
2 3 3 8 12 12 9999
2.25 3 3 9 12 12 9999
2.5 3 3 10 12 12 9999
2.75 3 3 11 12 12 9999
3 3 3 12 12 12 9999
3.25 3 3 13 12 12 9999
0 3.25 3 0 13 12 9999
0.25 3.25 3 1 13 12 9999
0.5 3.25 3 2 13 12 9999
0.75 3.25 3 3 13 12 9999
1 3.25 3 4 13 12 9999
1.25 3.25 3 5 13 12 9999
1.5 3.25 3 6 13 12 9999
1.75 3.25 3 7 13 12 9999
2 3.25 3 8 13 12 9999
2.25 3.25 3 9 13 12 9999
2.5 3.25 3 10 13 12 9999
2.75 3.25 3 11 13 12 9999
3 3.25 3 12 13 12 9999
3.25 3.25 3 13 13 12 9999
0 0 3.25 0 0 13 9999
0.25 0 3.25 1 0 13 9999
0.5 0 3.25 2 0 13 9999
0.75 0 3.25 3 0 13 9999
1 0 3.25 4 0 13 9999
1.25 0 3.25 5 0 13 9999
1.5 0 3.25 6 0 13 9999
1.75 0 3.25 7 0 13 9999
2 0 3.25 8 0 13 9999
2.25 0 3.25 9 0 13 9999
2.5 0 3.25 10 0 13 9999
2.75 0 3.25 11 0 13 9999
3 0 3.25 12 0 13 9999
3.25 0 3.25 13 0 13 9999
0 0.25 3.25 0 1 13 9999
0.25 0.25 3.25 1 1 13 9999
0.5 0.25 3.25 2 1 13 9999
0.75 0.25 3.25 3 1 13 9999
1 0.25 3.25 4 1 13 9999
1.25 0.25 3.25 5 1 13 9999
1.5 0.25 3.25 6 1 13 9999
1.75 0.25 3.25 7 1 13 9999
2 0.25 3.25 8 1 13 9999
2.25 0.25 3.25 9 1 13 9999
2.5 0.25 3.25 10 1 13 9999
2.75 0.25 3.25 11 1 13 9999
3 0.25 3.25 12 1 13 9999
3.25 0.25 3.25 13 1 13 9999
0 0.5 3.25 0 2 13 9999
0.25 0.5 3.25 1 2 13 9999
0.5 0.5 3.25 2 2 13 9999
0.75 0.5 3.25 3 2 13 9999
1 0.5 3.25 4 2 13 9999
1.25 0.5 3.25 5 2 13 9999
1.5 0.5 3.25 6 2 13 9999
1.75 0.5 3.25 7 2 13 9999
2 0.5 3.25 8 2 13 9999
2.25 0.5 3.25 9 2 13 9999
2.5 0.5 3.25 10 2 13 9999
2.75 0.5 3.25 11 2 13 9999
3 0.5 3.25 12 2 13 9999
3.25 0.5 3.25 13 2 13 9999
0 0.75 3.25 0 3 13 9999
0.25 0.75 3.25 1 3 13 9999
0.5 0.75 3.25 2 3 13 9999
0.75 0.75 3.25 3 3 13 9999
1 0.75 3.25 4 3 13 9999
1.25 0.75 3.25 5 3 13 9999
1.5 0.75 3.25 6 3 13 9999
1.75 0.75 3.25 7 3 13 9999
2 0.75 3.25 8 3 13 9999
2.25 0.75 3.25 9 3 13 9999
2.5 0.75 3.25 10 3 13 9999
2.75 0.75 3.25 11 3 13 9999
3 0.75 3.25 12 3 13 9999
3.25 0.75 3.25 13 3 13 9999
0 1 3.25 0 4 13 9999
0.25 1 3.25 1 4 13 9999
0.5 1 3.25 2 4 13 9999
0.75 1 3.25 3 4 13 9999
1 1 3.25 4 4 13 9999
1.25 1 3.25 5 4 13 9999
1.5 1 3.25 6 4 13 9999
1.75 1 3.25 7 4 13 9999
2 1 3.25 8 4 13 9999
2.25 1 3.25 9 4 13 9999
2.5 1 3.25 10 4 13 9999
2.75 1 3.25 11 4 13 9999
3 1 3.25 12 4 13 9999
3.25 1 3.25 13 4 13 9999
0 1.25 3.25 0 5 13 9999
0.25 1.25 3.25 1 5 13 9999
0.5 1.25 3.25 2 5 13 9999
0.75 1.25 3.25 3 5 13 9999
1 1.25 3.25 4 5 13 9999
1.25 1.25 3.25 5 5 13 9999
1.5 1.25 3.25 6 5 13 9999
1.75 1.25 3.25 7 5 13 9999
2 1.25 3.25 8 5 13 9999
2.25 1.25 3.25 9 5 13 9999
2.5 1.25 3.25 10 5 13 9999
2.75 1.25 3.25 11 5 13 9999
3 1.25 3.25 12 5 13 9999
3.25 1.25 3.25 13 5 13 9999
0 1.5 3.25 0 6 13 9999
0.25 1.5 3.25 1 6 13 9999
0.5 1.5 3.25 2 6 13 9999
0.75 1.5 3.25 3 6 13 9999
1 1.5 3.25 4 6 13 9999
1.25 1.5 3.25 5 6 13 9999
1.5 1.5 3.25 6 6 13 9999
1.75 1.5 3.25 7 6 13 9999
2 1.5 3.25 8 6 13 9999
2.25 1.5 3.25 9 6 13 9999
2.5 1.5 3.25 10 6 13 9999
2.75 1.5 3.25 11 6 13 9999
3 1.5 3.25 12 6 13 9999
3.25 1.5 3.25 13 6 13 9999
0 1.75 3.25 0 7 13 9999
0.25 1.75 3.25 1 7 13 9999
0.5 1.75 3.25 2 7 13 9999
0.75 1.75 3.25 3 7 13 9999
1 1.75 3.25 4 7 13 9999
1.25 1.75 3.25 5 7 13 9999
1.5 1.75 3.25 6 7 13 9999
1.75 1.75 3.25 7 7 13 9999
2 1.75 3.25 8 7 13 9999
2.25 1.75 3.25 9 7 13 9999
2.5 1.75 3.25 10 7 13 9999
2.75 1.75 3.25 11 7 13 9999
3 1.75 3.25 12 7 13 9999
3.25 1.75 3.25 13 7 13 9999
0 2 3.25 0 8 13 9999
0.25 2 3.25 1 8 13 9999
0.5 2 3.25 2 8 13 9999
0.75 2 3.25 3 8 13 9999
1 2 3.25 4 8 13 9999
1.25 2 3.25 5 8 13 9999
1.5 2 3.25 6 8 13 9999
1.75 2 3.25 7 8 13 9999
2 2 3.25 8 8 13 9999
2.25 2 3.25 9 8 13 9999
2.5 2 3.25 10 8 13 9999
2.75 2 3.25 11 8 13 9999
3 2 3.25 12 8 13 9999
3.25 2 3.25 13 8 13 9999
0 2.25 3.25 0 9 13 9999
0.25 2.25 3.25 1 9 13 9999
0.5 2.25 3.25 2 9 13 9999
0.75 2.25 3.25 3 9 13 9999
1 2.25 3.25 4 9 13 9999
1.25 2.25 3.25 5 9 13 9999
1.5 2.25 3.25 6 9 13 9999
1.75 2.25 3.25 7 9 13 9999
2 2.25 3.25 8 9 13 9999
2.25 2.25 3.25 9 9 13 9999
2.5 2.25 3.25 10 9 13 9999
2.75 2.25 3.25 11 9 13 9999
3 2.25 3.25 12 9 13 9999
3.25 2.25 3.25 13 9 13 9999
0 2.5 3.25 0 10 13 9999
0.25 2.5 3.25 1 10 13 9999
0.5 2.5 3.25 2 10 13 9999
0.75 2.5 3.25 3 10 13 9999
1 2.5 3.25 4 10 13 9999
1.25 2.5 3.25 5 10 13 9999
1.5 2.5 3.25 6 10 13 9999
1.75 2.5 3.25 7 10 13 9999
2 2.5 3.25 8 10 13 9999
2.25 2.5 3.25 9 10 13 9999
2.5 2.5 3.25 10 10 13 9999
2.75 2.5 3.25 11 10 13 9999
3 2.5 3.25 12 10 13 9999
3.25 2.5 3.25 13 10 13 9999
0 2.75 3.25 0 11 13 9999
0.25 2.75 3.25 1 11 13 9999
0.5 2.75 3.25 2 11 13 9999
0.75 2.75 3.25 3 11 13 9999
1 2.75 3.25 4 11 13 9999
1.25 2.75 3.25 5 11 13 9999
1.5 2.75 3.25 6 11 13 9999
1.75 2.75 3.25 7 11 13 9999
2 2.75 3.25 8 11 13 9999
2.25 2.75 3.25 9 11 13 9999
2.5 2.75 3.25 10 11 13 9999
2.75 2.75 3.25 11 11 13 9999
3 2.75 3.25 12 11 13 9999
3.25 2.75 3.25 13 11 13 9999
0 3 3.25 0 12 13 9999
0.25 3 3.25 1 12 13 9999
0.5 3 3.25 2 12 13 9999
0.75 3 3.25 3 12 13 9999
1 3 3.25 4 12 13 9999
1.25 3 3.25 5 12 13 9999
1.5 3 3.25 6 12 13 9999
1.75 3 3.25 7 12 13 9999
2 3 3.25 8 12 13 9999
2.25 3 3.25 9 12 13 9999
2.5 3 3.25 10 12 13 9999
2.75 3 3.25 11 12 13 9999
3 3 3.25 12 12 13 9999
3.25 3 3.25 13 12 13 9999
0 3.25 3.25 0 13 13 9999
0.25 3.25 3.25 1 13 13 9999
0.5 3.25 3.25 2 13 13 9999
0.75 3.25 3.25 3 13 13 9999
1 3.25 3.25 4 13 13 9999
1.25 3.25 3.25 5 13 13 9999
1.5 3.25 3.25 6 13 13 9999
1.75 3.25 3.25 7 13 13 9999
2 3.25 3.25 8 13 13 9999
2.25 3.25 3.25 9 13 13 9999
2.5 3.25 3.25 10 13 13 9999
2.75 3.25 3.25 11 13 13 9999
3 3.25 3.25 12 13 13 9999
3.25 3.25 3.25 13 13 13 9999
